,county,date,area_type,population,cases,cumulative_cases,deaths,cumulative_deaths,new_tests,cumulative_total_tests,new_diagnoses,cumulative_positive_tests,hospitalized_covid_confirmed_patients,hospitalized_suspected_covid_patients,hospitalized_covid_patients
35,San Diego,5/1/2020,County,3370418,170,4776,1,145,1837,45013,157,4276,290,60,350
91,San Diego,5/2/2020,County,3370418,90,4866,7,152,940,45953,75,4351,289,68,357
147,San Diego,5/3/2020,County,3370418,102,4968,8,160,1159,47112,133,4484,276,76,352
203,San Diego,5/4/2020,County,3370418,136,5104,5,165,2366,49478,197,4681,300,54,354
259,San Diego,5/5/2020,County,3370418,140,5244,6,171,2603,52081,195,4876,294,69,363
315,San Diego,5/6/2020,County,3370418,143,5387,4,175,2882,54963,177,5053,308,71,379
371,San Diego,5/7/2020,County,3370418,133,5520,7,182,2859,57822,156,5209,312,75,387
427,San Diego,5/8/2020,County,3370418,157,5677,1,183,3047,60869,168,5377,334,73,407
483,San Diego,5/9/2020,County,3370418,107,5784,8,191,1638,62507,91,5468,338,58,396
539,San Diego,5/10/2020,County,3370418,112,5896,6,197,984,63491,55,5523,334,56,390
595,San Diego,5/11/2020,County,3370418,152,6048,6,203,2790,66281,170,5693,339,61,400
651,San Diego,5/12/2020,County,3370418,153,6201,8,211,3404,69685,202,5895,334,51,385
707,San Diego,5/13/2020,County,3370418,144,6345,3,214,3640,73325,178,6073,329,51,380
763,San Diego,5/14/2020,County,3370418,136,6481,4,218,3284,76609,167,6240,329,70,399
819,San Diego,5/15/2020,County,3370418,134,6615,3,221,3311,79920,172,6412,326,66,392
875,San Diego,5/16/2020,County,3370418,107,6722,9,230,2129,82049,95,6507,319,51,370
931,San Diego,5/17/2020,County,3370418,86,6808,4,234,1157,83206,48,6555,321,59,380
987,San Diego,5/18/2020,County,3370418,131,6939,9,243,3565,86771,178,6733,329,49,378
1043,San Diego,5/19/2020,County,3370418,132,7071,4,247,4271,91042,191,6924,319,68,387
1099,San Diego,5/20/2020,County,3370418,144,7215,4,251,4335,95377,178,7102,335,69,404
1155,San Diego,5/21/2020,County,3370418,116,7331,4,255,3860,99237,144,7246,325,53,378
1211,San Diego,5/22/2020,County,3370418,136,7467,5,260,4472,103709,181,7427,331,50,381
1267,San Diego,5/23/2020,County,3370418,86,7553,3,263,2912,106621,114,7541,304,82,386
1323,San Diego,5/24/2020,County,3370418,91,7644,6,269,1606,108227,82,7623,310,60,370
1379,San Diego,5/25/2020,County,3370418,143,7787,4,273,1454,109681,54,7677,317,68,385
1435,San Diego,5/26/2020,County,3370418,175,7962,6,279,5544,115225,266,7943,325,58,383
1491,San Diego,5/27/2020,County,3370418,143,8105,3,282,5925,121150,250,8193,329,79,408
1547,San Diego,5/28/2020,County,3370418,150,8255,4,286,4613,125763,201,8394,313,70,383
1603,San Diego,5/29/2020,County,3370418,157,8412,3,289,5305,131068,233,8627,300,58,358
1659,San Diego,5/30/2020,County,3370418,123,8535,1,290,2943,134011,137,8764,311,86,397
1715,San Diego,5/31/2020,County,3370418,93,8628,6,296,1494,135505,59,8823,306,92,398
1771,San Diego,6/1/2020,County,3370418,193,8821,5,301,5546,141051,193,9016,314,83,397
1827,San Diego,6/2/2020,County,3370418,179,9000,4,305,6063,147114,215,9231,297,72,369
1883,San Diego,6/3/2020,County,3370418,146,9146,2,307,7319,154433,237,9468,295,75,370
1939,San Diego,6/4/2020,County,3370418,147,9293,4,311,6545,160978,196,9664,297,82,379
1995,San Diego,6/5/2020,County,3370418,163,9456,3,314,5898,166876,206,9870,299,69,368
2051,San Diego,6/6/2020,County,3370418,115,9571,3,317,2706,169582,104,9974,285,76,361
2107,San Diego,6/7/2020,County,3370418,120,9691,4,321,1666,171248,72,10046,286,73,359
2163,San Diego,6/8/2020,County,3370418,179,9870,3,324,5900,177148,169,10215,291,80,371
2219,San Diego,6/9/2020,County,3370418,156,10026,3,327,5547,182695,183,10398,299,74,373
2275,San Diego,6/10/2020,County,3370418,185,10211,3,330,5989,188684,216,10614,286,76,362
2331,San Diego,6/11/2020,County,3370418,163,10374,5,335,6356,195040,196,10810,277,75,352
2387,San Diego,6/12/2020,County,3370418,230,10604,3,338,5635,200675,202,11012,275,41,316
2443,San Diego,6/13/2020,County,3370418,169,10773,4,342,2883,203558,142,11154,284,58,342
2499,San Diego,6/14/2020,County,3370418,172,10945,2,344,1698,205256,73,11227,282,84,366
2555,San Diego,6/15/2020,County,3370418,375,11320,2,346,6461,211717,274,11501,294,66,360
2611,San Diego,6/16/2020,County,3370418,339,11659,2,348,6662,218379,274,11775,289,54,343
2667,San Diego,6/17/2020,County,3370418,361,12020,3,351,6695,225074,350,12125,283,60,343
2723,San Diego,6/18/2020,County,3370418,379,12399,6,357,6373,231447,336,12461,288,63,351
2779,San Diego,6/19/2020,County,3370418,421,12820,1,358,6644,238091,364,12825,294,65,359
2835,San Diego,6/20/2020,County,3370418,362,13182,2,360,3501,241592,218,13043,280,50,330
2891,San Diego,6/21/2020,County,3370418,323,13505,3,363,1747,243339,124,13167,277,49,326
2947,San Diego,6/22/2020,County,3370418,546,14051,3,366,6006,249345,276,13443,286,60,346
3003,San Diego,6/23/2020,County,3370418,491,14542,7,373,7508,256853,379,13822,312,58,370
3059,San Diego,6/24/2020,County,3370418,519,15061,4,377,6106,262959,278,14100,333,50,383
3115,San Diego,6/25/2020,County,3370418,503,15564,3,380,4976,267935,249,14349,368,57,425
3171,San Diego,6/26/2020,County,3370418,538,16102,2,382,3832,271767,167,14516,362,65,427
3227,San Diego,6/27/2020,County,3370418,364,16466,4,386,1653,273420,88,14604,363,74,437
3283,San Diego,6/28/2020,County,3370418,364,16830,2,388,682,274102,58,14662,373,85,458
3339,San Diego,6/29/2020,County,3370418,546,17376,5,393,3325,277427,262,14924,395,98,493
3395,San Diego,6/30/2020,County,3370418,575,17951,5,398,3981,281408,258,15182,391,62,453
3451,San Diego,7/1/2020,County,3370418,704,18655,8,406,5374,286782,325,15507,398,64,462
3507,San Diego,7/2/2020,County,3370418,564,19219,11,417,5822,292604,361,15868,380,79,459
3563,San Diego,7/3/2020,County,3370418,466,19685,5,422,4386,296990,291,16159,367,68,435
3619,San Diego,7/4/2020,County,3370418,454,20139,4,426,1561,298551,127,16286,372,73,445
3675,San Diego,7/5/2020,County,3370418,459,20598,4,430,2450,301001,206,16492,374,67,441
3731,San Diego,7/6/2020,County,3370418,690,21288,5,435,9077,310078,702,17194,384,72,456
3787,San Diego,7/7/2020,County,3370418,729,22017,2,437,9662,319740,702,17896,406,73,479
3843,San Diego,7/8/2020,County,3370418,716,22733,10,447,9886,329626,724,18620,407,76,483
3899,San Diego,7/9/2020,County,3370418,567,23300,3,450,9687,339313,696,19316,404,85,489
3955,San Diego,7/10/2020,County,3370418,591,23891,9,459,9244,348557,711,20027,411,79,490
4011,San Diego,7/11/2020,County,3370418,384,24275,8,467,4322,352879,370,20397,385,81,466
4067,San Diego,7/12/2020,County,3370418,391,24666,9,476,2728,355607,219,20616,389,78,467
4123,San Diego,7/13/2020,County,3370418,629,25295,12,488,8937,364544,535,21151,383,75,458
4179,San Diego,7/14/2020,County,3370418,562,25857,8,496,9158,373702,574,21725,394,88,482
4235,San Diego,7/15/2020,County,3370418,618,26475,9,505,8141,381843,565,22290,401,99,500
4291,San Diego,7/16/2020,County,3370418,466,26941,9,514,8020,389863,484,22774,388,110,498
4347,San Diego,7/17/2020,County,3370418,486,27427,5,519,7760,397623,460,23234,402,107,509
4403,San Diego,7/18/2020,County,3370418,388,27815,5,524,3428,401051,278,23512,396,91,487
4459,San Diego,7/19/2020,County,3370418,303,28118,4,528,2439,403490,146,23658,390,92,482
4515,San Diego,7/20/2020,County,3370418,500,28618,8,536,7335,410825,395,24053,402,97,499
4571,San Diego,7/21/2020,County,3370418,440,29058,5,541,7358,418183,512,24565,401,84,485
4627,San Diego,7/22/2020,County,3370418,447,29505,7,548,5672,423855,330,24895,351,82,433
4683,San Diego,7/23/2020,County,3370418,387,29892,7,555,4909,428764,261,25156,356,86,442
4739,San Diego,7/24/2020,County,3370418,372,30264,5,560,4583,433347,262,25418,347,73,420
4795,San Diego,7/25/2020,County,3370418,300,30564,8,568,2737,436084,166,25584,354,88,442
4851,San Diego,7/26/2020,County,3370418,261,30825,7,575,1791,437875,80,25664,369,89,458
4907,San Diego,7/27/2020,County,3370418,396,31221,4,579,4441,442316,269,25933,343,89,432
4963,San Diego,7/28/2020,County,3370418,367,31588,4,583,6098,448414,307,26240,392,110,502
5019,San Diego,7/29/2020,County,3370418,350,31938,7,590,4772,453186,272,26512,366,82,448
5075,San Diego,7/30/2020,County,3370418,324,32262,3,593,5871,459057,316,26828,348,72,420
5131,San Diego,7/31/2020,County,3370418,345,32607,5,598,6463,465520,351,27179,315,66,381
5187,San Diego,8/1/2020,County,3370418,233,32840,5,603,3736,469256,164,27343,312,72,384
5243,San Diego,8/2/2020,County,3370418,216,33056,4,607,2443,471699,82,27425,305,70,375
5299,San Diego,8/3/2020,County,3370418,340,33396,5,612,6738,478437,271,27696,294,67,361
5355,San Diego,8/4/2020,County,3370418,312,33708,3,615,7021,485458,335,28031,311,93,404
5411,San Diego,8/5/2020,County,3370418,293,34001,6,621,6775,492233,283,28314,295,76,371
5467,San Diego,8/6/2020,County,3370418,222,34223,5,626,5566,497799,245,28559,283,59,342
5523,San Diego,8/7/2020,County,3370418,267,34490,3,629,4495,502294,236,28795,279,67,346
5579,San Diego,8/8/2020,County,3370418,184,34674,4,633,3343,505637,161,28956,267,56,323
5635,San Diego,8/9/2020,County,3370418,188,34862,3,636,2015,507652,66,29022,265,59,324
5691,San Diego,8/10/2020,County,3370418,290,35152,2,638,4718,512370,164,29186,262,62,324
5747,San Diego,8/11/2020,County,3370418,264,35416,6,644,6453,518823,255,29441,263,73,336
5803,San Diego,8/12/2020,County,3370418,267,35683,3,647,6454,525277,237,29678,244,76,320
5859,San Diego,8/13/2020,County,3370418,209,35892,4,651,6236,531513,208,29886,244,65,309
5915,San Diego,8/14/2020,County,3370418,235,36127,8,659,5796,537309,203,30089,227,73,300
5971,San Diego,8/15/2020,County,3370418,194,36321,8,667,3854,541163,149,30238,221,52,273
6027,San Diego,8/16/2020,County,3370418,167,36488,3,670,2477,543640,94,30332,216,74,290
6083,San Diego,8/17/2020,County,3370418,263,36751,2,672,6586,550226,174,30506,229,74,303
6139,San Diego,8/18/2020,County,3370418,266,37017,3,675,6972,557198,178,30684,238,87,325
6195,San Diego,8/19/2020,County,3370418,293,37310,6,681,5954,563152,236,30920,232,48,280
6251,San Diego,8/20/2020,County,3370418,249,37559,3,684,5847,568999,211,31131,220,64,284
6307,San Diego,8/21/2020,County,3370418,220,37779,2,686,5846,574845,206,31337,220,66,286
6363,San Diego,8/22/2020,County,3370418,201,37980,3,689,3618,578463,138,31475,222,49,271
6419,San Diego,8/23/2020,County,3370418,183,38163,3,692,2414,580877,83,31558,211,78,289
6475,San Diego,8/24/2020,County,3370418,321,38484,2,694,6032,586909,211,31769,228,81,309
6531,San Diego,8/25/2020,County,3370418,288,38772,5,699,6950,593859,259,32028,235,88,323
6587,San Diego,8/26/2020,County,3370418,279,39051,4,703,6361,600220,250,32278,228,88,316
6643,San Diego,8/27/2020,County,3370418,335,39386,7,710,5613,605833,230,32508,227,72,299
6699,San Diego,8/28/2020,County,3370418,270,39656,0,710,5649,611482,229,32737,223,59,282
6755,San Diego,8/29/2020,County,3370418,229,39885,4,714,3584,615066,146,32883,230,73,303
6811,San Diego,8/30/2020,County,3370418,266,40151,5,719,2517,617583,88,32971,234,71,305
6867,San Diego,8/31/2020,County,3370418,394,40545,8,727,6302,623885,216,33187,233,73,306
6923,San Diego,9/1/2020,County,3370418,367,40912,0,727,6892,630777,292,33479,231,76,307
6979,San Diego,9/2/2020,County,3370418,358,41270,2,729,5822,636599,241,33720,220,70,290
7035,San Diego,9/3/2020,County,3370418,318,41588,2,731,5573,642172,229,33949,218,71,289
7091,San Diego,9/4/2020,County,3370418,313,41901,3,734,5537,647709,218,34167,219,59,278
7147,San Diego,9/5/2020,County,3370418,230,42131,5,739,3678,651387,148,34315,193,67,260
7203,San Diego,9/6/2020,County,3370418,193,42324,5,744,2856,654243,80,34395,195,71,266
7259,San Diego,9/7/2020,County,3370418,247,42571,3,747,2599,656842,97,34492,211,72,283
7315,San Diego,9/8/2020,County,3370418,398,42969,2,749,7426,664268,269,34761,219,59,278
7371,San Diego,9/9/2020,County,3370418,315,43284,3,752,6376,670644,233,34994,234,75,309
7427,San Diego,9/10/2020,County,3370418,287,43571,6,758,6591,677235,259,35253,232,53,285
7483,San Diego,9/11/2020,County,3370418,265,43836,3,761,6668,683903,203,35456,227,60,287
7539,San Diego,9/12/2020,County,3370418,219,44055,2,763,3950,687853,123,35579,218,59,277
7595,San Diego,9/13/2020,County,3370418,193,44248,4,767,2628,690481,72,35651,225,61,286
7651,San Diego,9/14/2020,County,3370418,325,44573,6,773,6420,696901,208,35859,225,48,273
7707,San Diego,9/15/2020,County,3370418,311,44884,5,778,7703,704604,264,36123,220,55,275
7763,San Diego,9/16/2020,County,3370418,318,45202,5,783,6791,711395,213,36336,224,60,284
7819,San Diego,9/17/2020,County,3370418,290,45492,2,785,6516,717911,244,36580,217,59,276
7875,San Diego,9/18/2020,County,3370418,280,45772,3,788,6476,724387,260,36840,208,41,249
7931,San Diego,9/19/2020,County,3370418,250,46022,4,792,3864,728251,159,36999,203,50,253
7987,San Diego,9/20/2020,County,3370418,228,46250,5,797,2574,730825,71,37070,211,56,267
8043,San Diego,9/21/2020,County,3370418,373,46623,4,801,6807,737632,272,37342,209,54,263
8099,San Diego,9/22/2020,County,3370418,284,46907,3,804,8113,745745,261,37603,210,50,260
8155,San Diego,9/23/2020,County,3370418,305,47212,2,806,6919,752664,235,37838,200,53,253
8211,San Diego,9/24/2020,County,3370418,276,47488,3,809,7712,760376,244,38082,196,45,241
8267,San Diego,9/25/2020,County,3370418,269,47757,2,811,7303,767679,250,38332,196,39,235
8323,San Diego,9/26/2020,County,3370418,202,47959,9,820,4323,772002,152,38484,197,42,239
8379,San Diego,9/27/2020,County,3370418,205,48164,3,823,4254,776256,130,38614,184,48,232
8435,San Diego,9/28/2020,County,3370418,343,48507,0,823,9724,785980,329,38943,199,58,257
8491,San Diego,9/29/2020,County,3370418,318,48825,4,827,10307,796287,375,39318,182,56,238
8547,San Diego,9/30/2020,County,3370418,277,49102,2,829,10468,806755,349,39667,187,43,230
8603,San Diego,10/1/2020,County,3370418,304,49406,1,830,9673,816428,332,39999,186,54,240
8659,San Diego,10/2/2020,County,3370418,282,49688,5,835,9398,825826,318,40317,203,56,259
8715,San Diego,10/3/2020,County,3370418,251,49939,3,838,6113,831939,211,40528,207,60,267
8771,San Diego,10/4/2020,County,3370418,231,50170,1,839,4142,836081,166,40694,203,53,256
8827,San Diego,10/5/2020,County,3370418,367,50537,3,842,11631,847712,348,41042,217,56,273
8883,San Diego,10/6/2020,County,3370418,336,50873,4,846,12603,860315,325,41367,214,66,280
8939,San Diego,10/7/2020,County,3370418,336,51209,4,850,11440,871755,365,41732,217,44,261
8995,San Diego,10/8/2020,County,3370418,315,51524,4,854,10959,882714,384,42116,215,47,262
9051,San Diego,10/9/2020,County,3370418,279,51803,6,860,8347,891061,274,42390,197,47,244
9107,San Diego,10/10/2020,County,3370418,276,52079,8,868,3815,894876,142,42532,195,52,247
9163,San Diego,10/11/2020,County,3370418,230,52309,1,869,3637,898513,123,42655,173,51,224
9219,San Diego,10/12/2020,County,3370418,350,52659,3,872,8561,907074,266,42921,178,52,230
9275,San Diego,10/13/2020,County,3370418,290,52949,0,872,12004,919078,353,43274,187,56,243
9331,San Diego,10/14/2020,County,3370418,293,53242,1,873,11493,930571,334,43608,181,43,224
9387,San Diego,10/15/2020,County,3370418,319,53561,3,876,11581,942152,393,44001,184,51,235
9443,San Diego,10/16/2020,County,3370418,283,53844,3,879,9454,951606,302,44303,189,46,235
9499,San Diego,10/17/2020,County,3370418,241,54085,3,882,5758,957364,226,44529,185,51,236
9555,San Diego,10/18/2020,County,3370418,224,54309,3,885,4418,961782,160,44689,189,54,243
9611,San Diego,10/19/2020,County,3370418,389,54698,7,892,11900,973682,379,45068,191,48,239
9667,San Diego,10/20/2020,County,3370418,387,55085,3,895,12926,986608,395,45463,199,34,233
9723,San Diego,10/21/2020,County,3370418,337,55422,0,895,10863,997471,342,45805,187,44,231
9779,San Diego,10/22/2020,County,3370418,350,55772,2,897,10859,1008330,362,46167,188,47,235
9835,San Diego,10/23/2020,County,3370418,386,56158,3,900,5832,1014162,187,46354,185,50,235
9891,San Diego,10/24/2020,County,3370418,306,56464,3,903,3693,1017855,103,46457,166,42,208
9947,San Diego,10/25/2020,County,3370418,277,56741,3,906,2888,1020743,85,46542,162,45,207
10003,San Diego,10/26/2020,County,3370418,463,57204,4,910,7614,1028357,199,46741,176,49,225
10059,San Diego,10/27/2020,County,3370418,392,57596,2,912,7199,1035556,173,46914,182,59,241
10115,San Diego,10/28/2020,County,3370418,473,58069,4,916,7384,1042940,307,47221,187,48,235
10171,San Diego,10/29/2020,County,3370418,382,58451,3,919,7840,1050780,241,47462,197,48,245
10227,San Diego,10/30/2020,County,3370418,465,58916,3,922,7824,1058604,268,47730,212,40,252
10283,San Diego,10/31/2020,County,3370418,404,59320,2,924,5340,1063944,252,47982,244,36,280
10339,San Diego,11/1/2020,County,3370418,453,59773,5,929,5441,1069385,224,48206,239,61,300
10395,San Diego,11/2/2020,County,3370418,686,60459,3,932,15462,1084847,581,48787,239,52,291
10451,San Diego,11/3/2020,County,3370418,722,61181,2,934,15340,1100187,656,49443,243,52,295
10507,San Diego,11/4/2020,County,3370418,675,61856,1,935,15153,1115340,707,50150,278,51,329
10563,San Diego,11/5/2020,County,3370418,644,62500,5,940,14104,1129444,745,50895,286,55,341
10619,San Diego,11/6/2020,County,3370418,624,63124,1,941,13174,1142618,593,51488,284,54,338
10675,San Diego,11/7/2020,County,3370418,522,63646,4,945,7339,1149957,377,51865,297,57,354
10731,San Diego,11/8/2020,County,3370418,511,64157,4,949,6048,1156005,301,52166,287,55,342
10787,San Diego,11/9/2020,County,3370418,842,64999,0,949,17224,1173229,764,52930,299,53,352
10843,San Diego,11/10/2020,County,3370418,854,65853,4,953,17074,1190303,817,53747,294,61,355
10899,San Diego,11/11/2020,County,3370418,889,66742,7,960,14332,1204635,861,54608,303,41,344
10955,San Diego,11/12/2020,County,3370418,934,67676,5,965,16929,1221564,913,55521,302,35,337
11011,San Diego,11/13/2020,County,3370418,978,68654,8,973,15492,1237056,816,56337,298,51,349
11067,San Diego,11/14/2020,County,3370418,848,69502,6,979,9786,1246842,644,56981,317,46,363
11123,San Diego,11/15/2020,County,3370418,765,70267,5,984,7262,1254104,499,57480,317,53,370
11179,San Diego,11/16/2020,County,3370418,1498,71765,9,993,22087,1276191,1272,58752,345,57,402
11235,San Diego,11/17/2020,County,3370418,1311,73076,5,998,22688,1298879,1355,60107,367,51,418
11291,San Diego,11/18/2020,County,3370418,1252,74328,8,1006,20838,1319717,1291,61398,369,65,434
11347,San Diego,11/19/2020,County,3370418,1293,75621,5,1011,20583,1340300,1477,62875,393,54,447
11403,San Diego,11/20/2020,County,3370418,1248,76869,4,1015,16529,1356829,1145,64020,411,51,462
11459,San Diego,11/21/2020,County,3370418,999,77868,6,1021,13568,1370397,1053,65073,439,46,485
11515,San Diego,11/22/2020,County,3370418,777,78645,8,1029,11059,1381456,750,65823,446,47,493
11571,San Diego,11/23/2020,County,3370418,1735,80380,5,1034,26866,1408322,1679,67502,470,56,526
11627,San Diego,11/24/2020,County,3370418,1462,81842,6,1040,22569,1430891,1704,69206,510,44,554
11683,San Diego,11/25/2020,County,3370418,1408,83250,4,1044,19140,1450031,1782,70988,545,42,587
11739,San Diego,11/26/2020,County,3370418,657,83907,6,1050,3634,1453665,409,71397,563,41,604
11795,San Diego,11/27/2020,County,3370418,1606,85513,9,1059,15075,1468740,1675,73072,599,38,637
11851,San Diego,11/28/2020,County,3370418,1192,86705,8,1067,11735,1480475,1316,74388,627,46,673
11907,San Diego,11/29/2020,County,3370418,1250,87955,5,1072,10351,1490826,1018,75406,658,40,698
11963,San Diego,11/30/2020,County,3370418,2405,90360,4,1076,27709,1518535,2355,77761,696,35,731
12019,San Diego,12/1/2020,County,3370418,2356,92716,7,1083,26547,1545082,2242,80003,685,48,733
12075,San Diego,12/2/2020,County,3370418,2249,94965,12,1095,24973,1570055,2357,82360,705,56,761
12131,San Diego,12/3/2020,County,3370418,1914,96879,15,1110,25171,1595226,2344,84704,743,54,797
12187,San Diego,12/4/2020,County,3370418,1811,98690,14,1124,21026,1616252,2105,86809,772,35,807
12243,San Diego,12/5/2020,County,3370418,1478,100168,11,1135,14818,1631070,1651,88460,790,45,835
12299,San Diego,12/6/2020,County,3370418,1350,101518,13,1148,11498,1642568,1268,89728,817,54,871
12355,San Diego,12/7/2020,County,3370418,3028,104546,19,1167,29274,1671842,3015,92743,867,41,908
12411,San Diego,12/8/2020,County,3370418,2779,107325,15,1182,25855,1697697,2691,95434,874,59,933
12467,San Diego,12/9/2020,County,3370418,3362,110687,15,1197,26133,1723830,3356,98790,905,50,955
12523,San Diego,12/10/2020,County,3370418,2973,113660,29,1226,22954,1746784,2873,101663,902,61,963
12579,San Diego,12/11/2020,County,3370418,2521,116181,13,1239,19126,1765910,2312,103975,928,73,1001
12635,San Diego,12/12/2020,County,3370418,1950,118131,20,1259,15237,1781147,2127,106102,976,61,1037
12691,San Diego,12/13/2020,County,3370418,1618,119749,16,1275,11220,1792367,1455,107557,994,40,1034
12747,San Diego,12/14/2020,County,3370418,3593,123342,19,1294,30827,1823194,3804,111361,1019,63,1082
12803,San Diego,12/15/2020,County,3370418,3723,127065,29,1323,28105,1851299,3646,115007,1103,70,1173
12859,San Diego,12/16/2020,County,3370418,3561,130626,18,1341,27323,1878622,3707,118714,1126,60,1186
12915,San Diego,12/17/2020,County,3370418,3087,133713,21,1362,26184,1904806,3507,122221,1164,55,1219
12971,San Diego,12/18/2020,County,3370418,2786,136499,35,1397,24770,1929576,3189,125410,1204,49,1253
13027,San Diego,12/19/2020,County,3370418,2166,138665,23,1420,18370,1947946,2598,128008,1211,53,1264
13083,San Diego,12/20/2020,County,3370418,1753,140418,20,1440,14986,1962932,1763,129771,1248,46,1294
13139,San Diego,12/21/2020,County,3370418,3703,144121,31,1471,35351,1998283,3942,133713,1314,61,1375
13195,San Diego,12/22/2020,County,3370418,3432,147553,31,1502,31050,2029333,3932,137645,1340,70,1410
13251,San Diego,12/23/2020,County,3370418,3343,150896,24,1526,28241,2057574,3747,141392,1404,62,1466
13307,San Diego,12/24/2020,County,3370418,2410,153306,25,1551,17565,2075139,2611,144003,1405,64,1469
13363,San Diego,12/25/2020,County,3370418,1082,154388,33,1584,3893,2079032,808,144811,1416,41,1457
13419,San Diego,12/26/2020,County,3370418,2470,156858,36,1620,19165,2098197,3346,148157,1440,41,1481
13475,San Diego,12/27/2020,County,3370418,2520,159378,27,1647,15430,2113627,2632,150789,1481,45,1526
13531,San Diego,12/28/2020,County,3370418,4394,163772,44,1691,31727,2145354,4777,155566,1504,56,1560
13587,San Diego,12/29/2020,County,3370418,4727,168499,50,1741,30749,2176103,5132,160698,1470,62,1532
13643,San Diego,12/30/2020,County,3370418,4206,172705,37,1778,30511,2206614,4940,165638,1499,50,1549
13699,San Diego,12/31/2020,County,3370418,3618,176323,29,1807,23497,2230111,3890,169528,1487,56,1543
13755,San Diego,1/1/2021,County,3370418,1761,178084,45,1852,8083,2238194,1388,170916,1497,63,1560
13811,San Diego,1/2/2021,County,3370418,3070,181154,28,1880,21701,2259895,3957,174873,1486,57,1543
13867,San Diego,1/3/2021,County,3370418,2586,183740,40,1920,16480,2276375,2847,177720,1507,52,1559
13923,San Diego,1/4/2021,County,3370418,5236,188976,27,1947,36499,2312874,5667,183387,1537,48,1585
13979,San Diego,1/5/2021,County,3370418,4559,193535,39,1986,33043,2345917,5076,188463,1585,61,1646
14035,San Diego,1/6/2021,County,3370418,4127,197662,39,2025,31107,2377024,4662,193125,1661,71,1732
14091,San Diego,1/7/2021,County,3370418,3483,201145,43,2068,31418,2408442,4394,197519,1685,71,1756
14147,San Diego,1/8/2021,County,3370418,3290,204435,34,2102,27642,2436084,3891,201410,1695,68,1763
14203,San Diego,1/9/2021,County,3370418,2523,206958,36,2138,19506,2455590,2959,204369,1691,60,1751
14259,San Diego,1/10/2021,County,3370418,1688,208646,37,2175,14652,2470242,2045,206414,1697,58,1755
14315,San Diego,1/11/2021,County,3370418,3647,212293,48,2223,33772,2504014,4201,210615,1725,61,1786
14371,San Diego,1/12/2021,County,3370418,3250,215543,41,2264,29986,2534000,3676,214291,1721,69,1790
14427,San Diego,1/13/2021,County,3370418,2896,218439,47,2311,27421,2561421,3337,217628,1719,56,1775
14483,San Diego,1/14/2021,County,3370418,2595,221034,44,2355,26010,2587431,3233,220861,1728,57,1785
14539,San Diego,1/15/2021,County,3370418,2380,223414,58,2413,22883,2610314,2911,223772,1720,65,1785
14595,San Diego,1/16/2021,County,3370418,1741,225155,40,2453,14837,2625151,2044,225816,1696,65,1761
14651,San Diego,1/17/2021,County,3370418,1297,226452,49,2502,10799,2635950,1418,227234,1664,69,1733
14707,San Diego,1/18/2021,County,3370418,2182,228634,36,2538,20114,2656064,2213,229447,1632,73,1705
14763,San Diego,1/19/2021,County,3370418,2634,231268,42,2580,25874,2681938,2425,231872,1658,62,1720
14819,San Diego,1/20/2021,County,3370418,2405,233673,43,2623,23941,2705879,2430,234302,1585,62,1647
14875,San Diego,1/21/2021,County,3370418,1847,235520,35,2658,25334,2731213,2358,236660,1536,69,1605
14931,San Diego,1/22/2021,County,3370418,1765,237285,34,2692,21414,2752627,2177,238837,1501,63,1564
14987,San Diego,1/23/2021,County,3370418,1233,238518,36,2728,11399,2764026,1285,240122,1467,55,1522
15043,San Diego,1/24/2021,County,3370418,1057,239575,40,2768,9672,2773698,1014,241136,1440,51,1491
15099,San Diego,1/25/2021,County,3370418,1686,241261,32,2800,22507,2796205,1766,242902,1429,63,1492
15155,San Diego,1/26/2021,County,3370418,1607,242868,34,2834,20822,2817027,1801,244703,1410,62,1472
15211,San Diego,1/27/2021,County,3370418,1485,244353,40,2874,21400,2838427,1767,246470,1343,61,1404
15267,San Diego,1/28/2021,County,3370418,1321,245674,31,2905,22093,2860520,1720,248190,1328,55,1383
15323,San Diego,1/29/2021,County,3370418,1146,246820,32,2937,15511,2876031,1221,249411,1317,58,1375
15379,San Diego,1/30/2021,County,3370418,937,247757,30,2967,11270,2887301,1188,250599,1310,42,1352
15435,San Diego,1/31/2021,County,3370418,760,248517,36,3003,10517,2897818,731,251330,1306,41,1347
15491,San Diego,2/1/2021,County,3370418,1307,249824,43,3046,32799,2930617,2236,253566,1258,76,1334
15547,San Diego,2/2/2021,County,3370418,1222,251046,27,3073,34152,2964769,2631,256197,1233,51,1284
15603,San Diego,2/3/2021,County,3370418,1037,252083,27,3100,31094,2995863,2347,258544,1202,52,1254
15659,San Diego,2/4/2021,County,3370418,900,252983,31,3131,30926,3026789,2066,260610,1142,47,1189
15715,San Diego,2/5/2021,County,3370418,786,253769,23,3154,24125,3050914,1806,262416,1100,38,1138
15771,San Diego,2/6/2021,County,3370418,576,254345,25,3179,12819,3063733,1108,263524,1074,43,1117
15827,San Diego,2/7/2021,County,3370418,492,254837,18,3197,11532,3075265,846,264370,1042,37,1079
15883,San Diego,2/8/2021,County,3370418,783,255620,28,3225,29359,3104624,1400,265770,992,47,1039
15939,San Diego,2/9/2021,County,3370418,738,256358,15,3240,28789,3133413,1694,267464,951,50,1001
15995,San Diego,2/10/2021,County,3370418,657,257015,36,3276,25557,3158970,1379,268843,916,41,957
16051,San Diego,2/11/2021,County,3370418,581,257596,15,3291,23903,3182873,1126,269969,857,37,894
16107,San Diego,2/12/2021,County,3370418,548,258144,18,3309,13580,3196453,747,270716,850,40,890
16163,San Diego,2/13/2021,County,3370418,386,258530,21,3330,8037,3204490,507,271223,824,38,862
16219,San Diego,2/14/2021,County,3370418,331,258861,17,3347,6567,3211057,340,271563,806,36,842
16275,San Diego,2/15/2021,County,3370418,491,259352,24,3371,14622,3225679,668,272231,782,37,819
16331,San Diego,2/16/2021,County,3370418,510,259862,20,3391,21404,3247083,781,273012,782,39,821
16387,San Diego,2/17/2021,County,3370418,461,260323,17,3408,17854,3264937,703,273715,746,55,801
16443,San Diego,2/18/2021,County,3370418,375,260698,10,3418,16999,3281936,600,274315,717,41,758
16499,San Diego,2/19/2021,County,3370418,352,261050,14,3432,14111,3296047,548,274863,670,35,705
16555,San Diego,2/20/2021,County,3370418,289,261339,18,3450,7808,3303855,367,275230,636,36,672
16611,San Diego,2/21/2021,County,3370418,243,261582,16,3466,6995,3310850,219,275449,622,36,658
16667,San Diego,2/22/2021,County,3370418,433,262015,13,3479,18168,3329018,519,275968,601,31,632
16723,San Diego,2/23/2021,County,3370418,408,262423,18,3497,18984,3348002,553,276521,597,34,631
16779,San Diego,2/24/2021,County,3370418,374,262797,8,3505,15841,3363843,508,277029,560,35,595
16835,San Diego,2/25/2021,County,3370418,293,263090,14,3519,14015,3377858,454,277483,535,26,561
16891,San Diego,2/26/2021,County,3370418,294,263384,13,3532,12505,3390363,381,277864,523,39,562
16947,San Diego,2/27/2021,County,3370418,226,263610,8,3540,6981,3397344,264,278128,485,34,519
17003,San Diego,2/28/2021,County,3370418,188,263798,9,3549,6470,3403814,215,278343,484,20,504
17059,San Diego,3/1/2021,County,3370418,297,264095,8,3557,17399,3421213,399,278742,479,35,514
17115,San Diego,3/2/2021,County,3370418,316,264411,11,3568,17345,3438558,383,279125,443,29,472
17171,San Diego,3/3/2021,County,3370418,242,264653,13,3581,13661,3452219,355,279480,429,24,453
17227,San Diego,3/4/2021,County,3370418,263,264916,8,3589,13300,3465519,361,279841,401,23,424
17283,San Diego,3/5/2021,County,3370418,260,265176,4,3593,11186,3476705,301,280142,359,23,382
17339,San Diego,3/6/2021,County,3370418,231,265407,8,3601,7094,3483799,253,280395,357,27,384
17395,San Diego,3/7/2021,County,3370418,187,265594,7,3608,6547,3490346,176,280571,345,21,366
17451,San Diego,3/8/2021,County,3370418,280,265874,5,3613,16012,3506358,278,280849,341,23,364
17507,San Diego,3/9/2021,County,3370418,240,266114,7,3620,16246,3522604,367,281216,334,31,365
17563,San Diego,3/10/2021,County,3370418,232,266346,3,3623,14326,3536930,318,281534,319,30,349
17619,San Diego,3/11/2021,County,3370418,222,266568,7,3630,14433,3551363,328,281862,293,23,316
17675,San Diego,3/12/2021,County,3370418,164,266732,1,3631,14689,3566052,321,282183,290,30,320
17731,San Diego,3/13/2021,County,3370418,162,266894,2,3633,8309,3574361,241,282424,279,24,303
17787,San Diego,3/14/2021,County,3370418,155,267049,6,3639,7467,3581828,221,282645,284,23,307
17843,San Diego,3/15/2021,County,3370418,234,267283,5,3644,19700,3601528,325,282970,286,20,306
17899,San Diego,3/16/2021,County,3370418,248,267531,7,3651,22565,3624093,501,283471,281,23,304
17955,San Diego,3/17/2021,County,3370418,232,267763,3,3654,18836,3642929,401,283872,259,23,282
18011,San Diego,3/18/2021,County,3370418,210,267973,2,3656,17482,3660411,404,284276,251,31,282
18067,San Diego,3/19/2021,County,3370418,153,268126,3,3659,13695,3674106,284,284560,244,23,267
18123,San Diego,3/20/2021,County,3370418,135,268261,6,3665,7796,3681902,200,284760,243,26,269
18179,San Diego,3/21/2021,County,3370418,171,268432,2,3667,7038,3688940,219,284979,235,15,250
18235,San Diego,3/22/2021,County,3370418,259,268691,3,3670,16189,3705129,243,285222,233,22,255
18291,San Diego,3/23/2021,County,3370418,210,268901,1,3671,15846,3720975,285,285507,219,21,240
18347,San Diego,3/24/2021,County,3370418,244,269145,5,3676,14481,3735456,355,285862,207,24,231
18403,San Diego,3/25/2021,County,3370418,214,269359,2,3678,13419,3748875,309,286171,198,17,215
18459,San Diego,3/26/2021,County,3370418,228,269587,4,3682,11901,3760776,273,286444,206,13,219
18515,San Diego,3/27/2021,County,3370418,176,269763,2,3684,6373,3767149,251,286695,194,14,208
18571,San Diego,3/28/2021,County,3370418,170,269933,2,3686,6012,3773161,196,286891,194,20,214
18627,San Diego,3/29/2021,County,3370418,275,270208,2,3688,15903,3789064,380,287271,179,16,195
18683,San Diego,3/30/2021,County,3370418,263,270471,4,3692,16177,3805241,419,287690,174,10,184
18739,San Diego,3/31/2021,County,3370418,238,270709,2,3694,14990,3820231,372,288062,183,20,203
18795,San Diego,4/1/2021,County,3370418,231,270940,1,3695,13458,3833689,329,288391,186,28,214
18851,San Diego,4/2/2021,County,3370418,222,271162,1,3696,11617,3845306,346,288737,180,16,196
18907,San Diego,4/3/2021,County,3370418,185,271347,1,3697,7253,3852559,279,289016,185,23,208
18963,San Diego,4/4/2021,County,3370418,169,271516,1,3698,4763,3857322,204,289220,176,24,200
19019,San Diego,4/5/2021,County,3370418,308,271824,1,3699,18311,3875633,402,289622,182,23,205
19075,San Diego,4/6/2021,County,3370418,249,272073,0,3699,17979,3893612,331,289953,178,20,198
19131,San Diego,4/7/2021,County,3370418,261,272334,2,3701,16849,3910461,351,290304,166,17,183
19187,San Diego,4/8/2021,County,3370418,224,272558,2,3703,15452,3925913,365,290669,158,18,176
19243,San Diego,4/9/2021,County,3370418,230,272788,3,3706,12621,3938534,384,291053,157,16,173
19299,San Diego,4/10/2021,County,3370418,197,272985,2,3708,6976,3945510,301,291354,158,20,178
19355,San Diego,4/11/2021,County,3370418,217,273202,0,3708,5998,3951508,224,291578,155,12,167
19411,San Diego,4/12/2021,County,3370418,298,273500,2,3710,19044,3970552,408,291986,171,15,186
19467,San Diego,4/13/2021,County,3370418,259,273759,2,3712,17720,3988272,383,292369,170,18,188
19523,San Diego,4/14/2021,County,3370418,254,274013,5,3717,16368,4004640,361,292730,169,25,194
19579,San Diego,4/15/2021,County,3370418,210,274223,0,3717,16254,4020894,378,293108,170,25,195
19635,San Diego,4/16/2021,County,3370418,246,274469,1,3718,12968,4033862,373,293481,168,13,181
19691,San Diego,4/17/2021,County,3370418,154,274623,2,3720,6815,4040677,263,293744,160,22,182
19747,San Diego,4/18/2021,County,3370418,147,274770,2,3722,6100,4046777,197,293941,169,16,185
19803,San Diego,4/19/2021,County,3370418,279,275049,2,3724,20056,4066833,367,294308,169,19,188
19859,San Diego,4/20/2021,County,3370418,247,275296,3,3727,19889,4086722,331,294639,171,22,193
19915,San Diego,4/21/2021,County,3370418,231,275527,3,3730,17016,4103738,413,295052,170,20,190
19971,San Diego,4/22/2021,County,3370418,210,275737,2,3732,15767,4119505,306,295358,174,18,192
20027,San Diego,4/23/2021,County,3370418,166,275903,1,3733,13403,4132908,305,295663,177,20,197
20083,San Diego,4/24/2021,County,3370418,139,276042,0,3733,6426,4139334,191,295854,154,19,173
20139,San Diego,4/25/2021,County,3370418,103,276145,2,3735,5670,4145004,137,295991,152,22,174
20195,San Diego,4/26/2021,County,3370418,213,276358,1,3736,21161,4166165,261,296252,150,11,161
20251,San Diego,4/27/2021,County,3370418,175,276533,3,3739,18855,4185020,304,296556,153,14,167
20307,San Diego,4/28/2021,County,3370418,157,276690,2,3741,16542,4201562,270,296826,152,17,169
20363,San Diego,4/29/2021,County,3370418,154,276844,2,3743,15285,4216847,251,297077,145,18,163
20419,San Diego,4/30/2021,County,3370418,151,276995,1,3744,12698,4229545,248,297325,145,8,153
20475,San Diego,5/1/2021,County,3370418,96,277091,1,3745,6908,4236453,146,297471,137,10,147
20531,San Diego,5/2/2021,County,3370418,124,277215,0,3745,5379,4241832,125,297596,141,12,153
20587,San Diego,5/3/2021,County,3370418,196,277411,0,3745,19573,4261405,243,297839,145,17,162
20643,San Diego,5/4/2021,County,3370418,163,277574,0,3745,18142,4279547,254,298093,146,17,163
20699,San Diego,5/5/2021,County,3370418,167,277741,2,3747,15725,4295272,234,298327,143,23,166
20755,San Diego,5/6/2021,County,3370418,137,277878,1,3748,17197,4312469,305,298632,140,8,148
20811,San Diego,5/7/2021,County,3370418,127,278005,0,3748,15149,4327618,279,298911,137,13,150
20867,San Diego,5/8/2021,County,3370418,85,278090,1,3749,7593,4335211,149,299060,142,13,155
20923,San Diego,5/9/2021,County,3370418,83,278173,0,3749,5739,4340950,102,299162,144,16,160
20979,San Diego,5/10/2021,County,3370418,165,278338,1,3750,22176,4363126,267,299429,148,21,169
21035,San Diego,5/11/2021,County,3370418,164,278502,0,3750,22617,4385743,322,299751,139,16,155
21091,San Diego,5/12/2021,County,3370418,135,278637,0,3750,17663,4403406,288,300039,142,16,158
21147,San Diego,5/13/2021,County,3370418,104,278741,0,3750,19444,4422850,237,300276,133,21,154
21203,San Diego,5/14/2021,County,3370418,114,278855,2,3752,14517,4437367,233,300509,137,10,147
21259,San Diego,5/15/2021,County,3370418,73,278928,0,3752,7704,4445071,138,300647,130,10,140
21315,San Diego,5/16/2021,County,3370418,71,278999,0,3752,5809,4450880,100,300747,125,7,132
21371,San Diego,5/17/2021,County,3370418,118,279117,1,3753,21223,4472103,211,300958,130,8,138
21427,San Diego,5/18/2021,County,3370418,132,279249,1,3754,21697,4493800,297,301255,132,11,143
21483,San Diego,5/19/2021,County,3370418,108,279357,1,3755,17464,4511264,220,301475,135,9,144
21539,San Diego,5/20/2021,County,3370418,85,279442,1,3756,16714,4527978,194,301669,135,16,151
21595,San Diego,5/21/2021,County,3370418,88,279530,0,3756,13253,4541231,167,301836,129,17,146
21651,San Diego,5/22/2021,County,3370418,73,279603,1,3757,7038,4548269,120,301956,125,15,140
21707,San Diego,5/23/2021,County,3370418,59,279662,2,3759,5615,4553884,84,302040,119,13,132
21763,San Diego,5/24/2021,County,3370418,89,279751,2,3761,21188,4575072,182,302222,114,13,127
21819,San Diego,5/25/2021,County,3370418,108,279859,0,3761,21089,4596161,263,302485,116,12,128
21875,San Diego,5/26/2021,County,3370418,82,279941,0,3761,16396,4612557,191,302676,127,13,140
21931,San Diego,5/27/2021,County,3370418,75,280016,0,3761,16419,4628976,152,302828,126,7,133
21987,San Diego,5/28/2021,County,3370418,74,280090,1,3762,11213,4640189,113,302941,109,10,119
22043,San Diego,5/29/2021,County,3370418,62,280152,5,3767,6490,4646679,108,303049,104,13,117
22099,San Diego,5/30/2021,County,3370418,59,280211,0,3767,5689,4652368,76,303125,103,12,115
22155,San Diego,5/31/2021,County,3370418,56,280267,1,3768,5983,4658351,54,303179,105,10,115
22211,San Diego,6/1/2021,County,3370418,104,280371,1,3769,23881,4682232,240,303419,102,13,115
22267,San Diego,6/2/2021,County,3370418,104,280475,2,3771,17228,4699460,179,303598,96,6,102
22323,San Diego,6/3/2021,County,3370418,80,280555,1,3772,16278,4715738,133,303731,93,6,99
22379,San Diego,6/4/2021,County,3370418,64,280619,0,3772,12008,4727746,156,303887,81,13,94
22435,San Diego,6/5/2021,County,3370418,43,280662,1,3773,6927,4734673,91,303978,83,14,97
22491,San Diego,6/6/2021,County,3370418,41,280703,0,3773,6219,4740892,58,304036,84,21,105
22547,San Diego,6/7/2021,County,3370418,80,280783,1,3774,19191,4760083,177,304213,80,12,92
22603,San Diego,6/8/2021,County,3370418,82,280865,0,3774,17658,4777741,200,304413,83,10,93
22659,San Diego,6/9/2021,County,3370418,63,280928,1,3775,14106,4791847,139,304552,75,12,87
22715,San Diego,6/10/2021,County,3370418,63,280991,1,3776,14844,4806691,133,304685,78,9,87
22771,San Diego,6/11/2021,County,3370418,58,281049,0,3776,11816,4818507,113,304798,71,9,80
22827,San Diego,6/12/2021,County,3370418,40,281089,0,3776,6910,4825417,58,304856,70,17,87
22883,San Diego,6/13/2021,County,3370418,57,281146,0,3776,5652,4831069,71,304927,70,12,82
22939,San Diego,6/14/2021,County,3370418,78,281224,1,3777,16379,4847448,123,305050,71,8,79
22995,San Diego,6/15/2021,County,3370418,106,281330,2,3779,14245,4861693,140,305190,76,8,84
23051,San Diego,6/16/2021,County,3370418,84,281414,1,3780,12289,4873982,122,305312,71,10,81
23107,San Diego,6/17/2021,County,3370418,79,281493,0,3780,12425,4886407,163,305475,65,10,75
23163,San Diego,6/18/2021,County,3370418,77,281570,1,3781,10725,4897132,130,305605,60,8,68
23219,San Diego,6/19/2021,County,3370418,75,281645,1,3782,6991,4904123,141,305746,61,6,67
23275,San Diego,6/20/2021,County,3370418,60,281705,0,3782,5520,4909643,69,305815,61,6,67
23331,San Diego,6/21/2021,County,3370418,106,281811,0,3782,14406,4924049,150,305965,56,10,66
23387,San Diego,6/22/2021,County,3370418,105,281916,2,3784,12304,4936353,183,306148,59,11,70
23443,San Diego,6/23/2021,County,3370418,104,282020,1,3785,11753,4948106,184,306332,56,17,73
23499,San Diego,6/24/2021,County,3370418,100,282120,0,3785,10648,4958754,202,306534,59,14,73
23555,San Diego,6/25/2021,County,3370418,103,282223,0,3785,10112,4968866,157,306691,61,11,72
23611,San Diego,6/26/2021,County,3370418,60,282283,0,3785,6372,4975238,88,306779,66,6,72
23667,San Diego,6/27/2021,County,3370418,85,282368,0,3785,5238,4980476,71,306850,66,7,73
23723,San Diego,6/28/2021,County,3370418,140,282508,0,3785,13185,4993661,182,307032,65,15,80
23779,San Diego,6/29/2021,County,3370418,162,282670,1,3786,13366,5007027,197,307229,74,13,87
23835,San Diego,6/30/2021,County,3370418,155,282825,0,3786,11162,5018189,246,307475,76,11,87
23891,San Diego,7/1/2021,County,3370418,136,282961,0,3786,10735,5028924,257,307732,72,13,85
23947,San Diego,7/2/2021,County,3370418,178,283139,1,3787,9951,5038875,245,307977,75,13,88
24003,San Diego,7/3/2021,County,3370418,145,283284,1,3788,6904,5045779,188,308165,78,14,92
24059,San Diego,7/4/2021,County,3370418,131,283415,0,3788,2313,5048092,78,308243,76,11,87
24115,San Diego,7/5/2021,County,3370418,225,283640,0,3788,7190,5055282,174,308417,78,12,90
24171,San Diego,7/6/2021,County,3370418,363,284003,0,3788,15849,5071131,493,308910,84,19,103
24227,San Diego,7/7/2021,County,3370418,356,284359,0,3788,12403,5083534,485,309395,96,12,108
24283,San Diego,7/8/2021,County,3370418,318,284677,1,3789,12415,5095949,525,309920,105,18,123
24339,San Diego,7/9/2021,County,3370418,328,285005,0,3789,10959,5106908,579,310499,105,17,122
24395,San Diego,7/10/2021,County,3370418,289,285294,1,3790,6788,5113696,370,310869,101,10,111
24451,San Diego,7/11/2021,County,3370418,290,285584,0,3790,4946,5118642,336,311205,99,16,115
24507,San Diego,7/12/2021,County,3370418,413,285997,0,3790,10269,5128911,438,311643,102,9,111
24563,San Diego,7/13/2021,County,3370418,466,286463,0,3790,8790,5137701,455,312098,110,6,116
24619,San Diego,7/14/2021,County,3370418,545,287008,2,3792,9860,5147561,727,312825,121,12,133
24675,San Diego,7/15/2021,County,3370418,572,287580,1,3793,13101,5160662,838,313663,128,9,137
24731,San Diego,7/16/2021,County,3370418,636,288216,1,3794,13317,5173979,900,314563,146,14,160
24787,San Diego,7/17/2021,County,3370418,440,288656,3,3797,8199,5182178,766,315329,150,14,164
24843,San Diego,7/18/2021,County,3370418,406,289062,1,3798,5876,5188054,541,315870,157,15,172
24899,San Diego,7/19/2021,County,3370418,813,289875,0,3798,16516,5204570,1148,317018,168,11,179
24955,San Diego,7/20/2021,County,3370418,894,290769,0,3798,18835,5223405,1427,318445,187,13,200
25011,San Diego,7/21/2021,County,3370418,924,291693,0,3798,16218,5239623,1402,319847,196,14,210
25067,San Diego,7/22/2021,County,3370418,848,292541,3,3801,18624,5258247,1487,321334,207,26,233
25123,San Diego,7/23/2021,County,3370418,729,293270,0,3801,16025,5274272,1406,322740,234,17,251
25179,San Diego,7/24/2021,County,3370418,607,293877,1,3802,10773,5285045,1102,323842,232,21,253
25235,San Diego,7/25/2021,County,3370418,465,294342,0,3802,7745,5292790,771,324613,239,11,250
25291,San Diego,7/26/2021,County,3370418,1060,295402,1,3803,20343,5313133,1594,326207,239,21,260
25347,San Diego,7/27/2021,County,3370418,1110,296512,2,3805,23323,5336456,2000,328207,247,22,269
25403,San Diego,7/28/2021,County,3370418,1083,297595,0,3805,21986,5358442,1941,330148,298,18,316
25459,San Diego,7/29/2021,County,3370418,1267,298862,1,3806,23498,5381940,2263,332411,300,23,323
25515,San Diego,7/30/2021,County,3370418,1058,299920,0,3806,22522,5404462,1982,334393,311,18,329
25571,San Diego,7/31/2021,County,3370418,777,300697,5,3811,14770,5419232,1545,335938,344,22,366
25627,San Diego,8/1/2021,County,3370418,669,301366,2,3813,9976,5429208,1020,336958,359,14,373
25683,San Diego,8/2/2021,County,3370418,1181,302547,3,3816,24895,5454103,1798,338756,369,35,404
25739,San Diego,8/3/2021,County,3370418,1480,304027,3,3819,29963,5484066,2504,341260,388,19,407
25795,San Diego,8/4/2021,County,3370418,1437,305464,3,3822,27856,5511922,2613,343873,406,25,431
25851,San Diego,8/5/2021,County,3370418,1510,306974,1,3823,30372,5542294,2496,346369,428,22,450
25907,San Diego,8/6/2021,County,3370418,1271,308245,3,3826,26410,5568704,2318,348687,441,18,459
25963,San Diego,8/7/2021,County,3370418,1036,309281,1,3827,16820,5585524,1920,350607,455,25,480
26019,San Diego,8/8/2021,County,3370418,754,310035,4,3831,11149,5596673,987,351594,484,20,504
26075,San Diego,8/9/2021,County,3370418,1337,311372,3,3834,26744,5623417,1927,353521,482,21,503
26131,San Diego,8/10/2021,County,3370418,1655,313027,0,3834,35076,5658493,2996,356517,485,22,507
26187,San Diego,8/11/2021,County,3370418,1635,314662,5,3839,32231,5690724,2865,359382,497,20,517
26243,San Diego,8/12/2021,County,3370418,1468,316130,5,3844,32110,5722834,2733,362115,491,20,511
26299,San Diego,8/13/2021,County,3370418,1365,317495,6,3850,27267,5750101,2465,364580,502,21,523
26355,San Diego,8/14/2021,County,3370418,1041,318536,2,3852,18337,5768438,1947,366527,529,19,548
26411,San Diego,8/15/2021,County,3370418,670,319206,5,3857,10347,5778785,985,367512,551,23,574
26467,San Diego,8/16/2021,County,3370418,1472,320678,7,3864,31271,5810056,2095,369607,551,25,576
26523,San Diego,8/17/2021,County,3370418,1590,322268,5,3869,36569,5846625,3031,372638,569,30,599
26579,San Diego,8/18/2021,County,3370418,1607,323875,3,3872,33828,5880453,2866,375504,590,27,617
26635,San Diego,8/19/2021,County,3370418,1339,325214,8,3880,33845,5914298,2658,378162,581,21,602
26691,San Diego,8/20/2021,County,3370418,1243,326457,1,3881,28836,5943134,2416,380578,612,27,639
26747,San Diego,8/21/2021,County,3370418,904,327361,5,3886,18983,5962117,1692,382270,625,27,652
26803,San Diego,8/22/2021,County,3370418,656,328017,5,3891,10408,5972525,887,383157,645,11,656
26859,San Diego,8/23/2021,County,3370418,1314,329331,8,3899,30734,6003259,1824,384981,673,22,695
26915,San Diego,8/24/2021,County,3370418,1428,330759,9,3908,39140,6042399,2694,387675,664,22,686
26971,San Diego,8/25/2021,County,3370418,1440,332199,9,3917,37131,6079530,2539,390214,669,23,692
27027,San Diego,8/26/2021,County,3370418,1260,333459,4,3921,35067,6114597,2279,392493,650,17,667
27083,San Diego,8/27/2021,County,3370418,1021,334480,4,3925,28584,6143181,1994,394487,677,19,696
27139,San Diego,8/28/2021,County,3370418,780,335260,11,3936,19354,6162535,1411,395898,664,27,691
27195,San Diego,8/29/2021,County,3370418,584,335844,2,3938,11247,6173782,826,396724,658,25,683
27251,San Diego,8/30/2021,County,3370418,1103,336947,6,3944,33463,6207245,1691,398415,653,19,672
27307,San Diego,8/31/2021,County,3370418,1263,338210,6,3950,43509,6250754,2371,400786,667,18,685
27363,San Diego,9/1/2021,County,3370418,1249,339459,5,3955,37997,6288751,2133,402919,672,23,695
27419,San Diego,9/2/2021,County,3370418,1020,340479,8,3963,37211,6325962,1935,404854,671,21,692
27475,San Diego,9/3/2021,County,3370418,953,341432,10,3973,30835,6356797,1704,406558,672,15,687
27531,San Diego,9/4/2021,County,3370418,617,342049,5,3978,18400,6375197,1115,407673,638,22,660
27587,San Diego,9/5/2021,County,3370418,434,342483,9,3987,11609,6386806,615,408288,634,19,653
27643,San Diego,9/6/2021,County,3370418,551,343034,4,3991,14260,6401066,857,409145,599,19,618
27699,San Diego,9/7/2021,County,3370418,998,344032,10,4001,47715,6448781,1999,411144,593,16,609
27755,San Diego,9/8/2021,County,3370418,994,345026,7,4008,39779,6488560,1760,412904,581,19,600
27811,San Diego,9/9/2021,County,3370418,911,345937,3,4011,36312,6524872,1558,414462,563,18,581
27867,San Diego,9/10/2021,County,3370418,711,346648,9,4020,29553,6554425,1300,415762,550,20,570
27923,San Diego,9/11/2021,County,3370418,544,347192,5,4025,17823,6572248,991,416753,531,20,551
27979,San Diego,9/12/2021,County,3370418,483,347675,6,4031,14173,6586421,783,417536,517,27,544
28035,San Diego,9/13/2021,County,3370418,808,348483,10,4041,34903,6621324,1277,418813,520,17,537
28091,San Diego,9/14/2021,County,3370418,785,349268,6,4047,39475,6660799,1417,420230,495,21,516
28147,San Diego,9/15/2021,County,3370418,658,349926,7,4054,36162,6696961,1280,421510,478,24,502
28203,San Diego,9/16/2021,County,3370418,614,350540,7,4061,35387,6732348,1241,422751,460,16,476
28259,San Diego,9/17/2021,County,3370418,611,351151,11,4072,27394,6759742,1106,423857,471,14,485
28315,San Diego,9/18/2021,County,3370418,422,351573,8,4080,15910,6775652,724,424581,462,21,483
28371,San Diego,9/19/2021,County,3370418,387,351960,7,4087,13753,6789405,633,425214,456,17,473
28427,San Diego,9/20/2021,County,3370418,702,352662,11,4098,35356,6824761,1057,426271,446,20,466
28483,San Diego,9/21/2021,County,3370418,674,353336,7,4105,40896,6865657,1164,427435,432,14,446
28539,San Diego,9/22/2021,County,3370418,604,353940,5,4110,34056,6899713,1073,428508,414,19,433
28595,San Diego,9/23/2021,County,3370418,450,354390,6,4116,34283,6933996,930,429438,418,19,437
28651,San Diego,9/24/2021,County,3370418,456,354846,5,4121,25679,6959675,829,430267,393,8,401
28707,San Diego,9/25/2021,County,3370418,351,355197,7,4128,14699,6974374,580,430847,385,23,408
28763,San Diego,9/26/2021,County,3370418,344,355541,7,4135,12727,6987101,527,431374,387,21,408
28819,San Diego,9/27/2021,County,3370418,621,356162,5,4140,32838,7019939,1028,432402,375,9,384
28875,San Diego,9/28/2021,County,3370418,650,356812,5,4145,35553,7055492,1067,433469,367,13,380
28931,San Diego,9/29/2021,County,3370418,548,357360,8,4153,29153,7084645,812,434281,351,13,364
28987,San Diego,9/30/2021,County,3370418,487,357847,5,4158,23792,7108437,659,434940,345,20,365
29043,San Diego,10/1/2021,County,3370418,477,358324,6,4164,20218,7128655,584,435524,337,19,356
29099,San Diego,10/2/2021,County,3370418,360,358684,5,4169,10837,7139492,468,435992,325,15,340
29155,San Diego,10/3/2021,County,3370418,317,359001,9,4178,9710,7149202,327,436319,329,15,344
29211,San Diego,10/4/2021,County,3370418,579,359580,7,4185,27169,7176371,650,436969,338,16,354
29267,San Diego,10/5/2021,County,3370418,565,360145,3,4188,28087,7204458,700,437669,327,16,343
29323,San Diego,10/6/2021,County,3370418,574,360719,6,4194,26121,7230579,751,438420,310,11,321
29379,San Diego,10/7/2021,County,3370418,492,361211,5,4199,23531,7254110,655,439075,284,14,298
29435,San Diego,10/8/2021,County,3370418,396,361607,7,4206,19319,7273429,553,439628,288,14,302
29491,San Diego,10/9/2021,County,3370418,327,361934,7,4213,9889,7283318,355,439983,274,13,287
29547,San Diego,10/10/2021,County,3370418,304,362238,3,4216,8620,7291938,274,440257,268,16,284
29603,San Diego,10/11/2021,County,3370418,516,362754,5,4221,24581,7316519,569,440826,276,15,291
29659,San Diego,10/12/2021,County,3370418,511,363265,3,4224,23789,7340308,617,441443,276,11,287
29715,San Diego,10/13/2021,County,3370418,511,363776,3,4227,23822,7364130,585,442028,275,13,288
29771,San Diego,10/14/2021,County,3370418,429,364205,1,4228,22367,7386497,591,442619,264,14,278
29827,San Diego,10/15/2021,County,3370418,440,364645,4,4232,20221,7406718,490,443109,262,14,276
29883,San Diego,10/16/2021,County,3370418,359,365004,2,4234,10081,7416799,417,443526,260,12,272
29939,San Diego,10/17/2021,County,3370418,315,365319,7,4241,8602,7425401,281,443807,266,20,286
29995,San Diego,10/18/2021,County,3370418,586,365905,4,4245,27383,7452784,639,444446,259,16,275
30051,San Diego,10/19/2021,County,3370418,556,366461,2,4247,27595,7480379,658,445104,276,8,284
30107,San Diego,10/20/2021,County,3370418,580,367041,7,4254,26175,7506554,720,445824,273,12,285
30163,San Diego,10/21/2021,County,3370418,507,367548,7,4261,23610,7530164,671,446495,259,16,275
30219,San Diego,10/22/2021,County,3370418,508,368056,3,4264,18878,7549042,615,447110,249,16,265
30275,San Diego,10/23/2021,County,3370418,398,368454,5,4269,10455,7559497,459,447569,260,18,278
30331,San Diego,10/24/2021,County,3370418,342,368796,2,4271,7651,7567148,340,447909,272,22,294
30387,San Diego,10/25/2021,County,3370418,580,369376,4,4275,25625,7592773,664,448573,289,12,301
30443,San Diego,10/26/2021,County,3370418,568,369944,4,4279,26074,7618847,734,449307,283,9,292
30499,San Diego,10/27/2021,County,3370418,516,370460,3,4282,23193,7642040,648,449955,282,9,291
30555,San Diego,10/28/2021,County,3370418,553,371013,2,4284,22610,7664650,710,450665,288,15,303
30611,San Diego,10/29/2021,County,3370418,453,371466,5,4289,19258,7683908,612,451277,290,15,305
30667,San Diego,10/30/2021,County,3370418,370,371836,3,4292,9417,7693325,419,451696,283,14,297
30723,San Diego,10/31/2021,County,3370418,362,372198,1,4293,7403,7700728,334,452030,283,16,299
30779,San Diego,11/1/2021,County,3370418,550,372748,3,4296,25294,7726022,644,452674,281,16,297
30835,San Diego,11/2/2021,County,3370418,565,373313,5,4301,25934,7751956,747,453421,292,22,314
30891,San Diego,11/3/2021,County,3370418,583,373896,6,4307,23772,7775728,678,454099,290,15,305
30947,San Diego,11/4/2021,County,3370418,498,374394,5,4312,21204,7796932,631,454730,289,17,306
31003,San Diego,11/5/2021,County,3370418,468,374862,2,4314,19385,7816317,610,455340,277,20,297
31059,San Diego,11/6/2021,County,3370418,349,375211,4,4318,9866,7826183,382,455722,283,20,303
31115,San Diego,11/7/2021,County,3370418,336,375547,3,4321,8093,7834276,351,456073,270,18,288
31171,San Diego,11/8/2021,County,3370418,574,376121,7,4328,23450,7857726,592,456665,258,15,273
31227,San Diego,11/9/2021,County,3370418,561,376682,7,4335,24609,7882335,738,457403,261,13,274
31283,San Diego,11/10/2021,County,3370418,493,377175,1,4336,24136,7906471,604,458007,259,17,276
31339,San Diego,11/11/2021,County,3370418,404,377579,3,4339,14327,7920798,483,458490,259,13,272
31395,San Diego,11/12/2021,County,3370418,506,378085,3,4342,18939,7939737,678,459168,250,12,262
31451,San Diego,11/13/2021,County,3370418,367,378452,2,4344,9271,7949008,426,459594,260,8,268
31507,San Diego,11/14/2021,County,3370418,330,378782,3,4347,8088,7957096,326,459920,265,10,275
31563,San Diego,11/15/2021,County,3370418,596,379378,5,4352,24786,7981882,711,460631,270,13,283
31619,San Diego,11/16/2021,County,3370418,535,379913,3,4355,24648,8006530,688,461319,277,13,290
31675,San Diego,11/17/2021,County,3370418,551,380464,1,4356,22841,8029371,626,461945,261,15,276
31731,San Diego,11/18/2021,County,3370418,489,380953,1,4357,19936,8049307,610,462555,253,17,270
31787,San Diego,11/19/2021,County,3370418,496,381449,7,4364,17383,8066690,599,463154,261,14,275
31843,San Diego,11/20/2021,County,3370418,389,381838,2,4366,10016,8076706,476,463630,260,8,268
31899,San Diego,11/21/2021,County,3370418,325,382163,3,4369,7742,8084448,335,463965,252,11,263
31955,San Diego,11/22/2021,County,3370418,530,382693,2,4371,21007,8105455,639,464604,248,18,266
32011,San Diego,11/23/2021,County,3370418,493,383186,2,4373,20511,8125966,663,465267,244,11,255
32067,San Diego,11/24/2021,County,3370418,481,383667,3,4376,16448,8142414,608,465875,255,16,271
32123,San Diego,11/25/2021,County,3370418,258,383925,4,4380,2874,8145288,142,466017,245,14,259
32179,San Diego,11/26/2021,County,3370418,441,384366,5,4385,10356,8155644,420,466437,256,13,269
32235,San Diego,11/27/2021,County,3370418,545,384911,3,4388,11972,8167616,692,467129,270,17,287
32291,San Diego,11/28/2021,County,3370418,493,385404,0,4388,9753,8177369,445,467574,272,18,290
32347,San Diego,11/29/2021,County,3370418,886,386290,3,4391,28843,8206212,1051,468625,295,17,312
32403,San Diego,11/30/2021,County,3370418,887,387177,3,4394,27413,8233625,1092,469717,292,13,305
32459,San Diego,12/1/2021,County,3370418,923,388100,1,4395,24418,8258043,898,470615,298,12,310
32515,San Diego,12/2/2021,County,3370418,795,388895,4,4399,22384,8280427,888,471503,296,7,303
32571,San Diego,12/3/2021,County,3370418,638,389533,5,4404,20185,8300612,806,472309,303,14,317
32627,San Diego,12/4/2021,County,3370418,476,390009,3,4407,12158,8312770,610,472919,296,13,309
32683,San Diego,12/5/2021,County,3370418,474,390483,3,4410,8762,8321532,517,473436,302,13,315
32739,San Diego,12/6/2021,County,3370418,793,391276,5,4415,26387,8347919,953,474389,303,24,327
32795,San Diego,12/7/2021,County,3370418,843,392119,4,4419,26516,8374435,932,475321,320,16,336
32851,San Diego,12/8/2021,County,3370418,838,392957,6,4425,25878,8400313,934,476255,320,10,330
32907,San Diego,12/9/2021,County,3370418,647,393604,4,4429,21176,8421489,764,477019,325,9,334
32963,San Diego,12/10/2021,County,3370418,644,394248,7,4436,20690,8442179,830,477849,333,19,352
33019,San Diego,12/11/2021,County,3370418,477,394725,3,4439,12027,8454206,566,478415,325,12,337
33075,San Diego,12/12/2021,County,3370418,420,395145,5,4444,9453,8463659,416,478831,330,13,343
33131,San Diego,12/13/2021,County,3370418,893,396038,4,4448,26865,8490524,978,479809,354,13,367
33187,San Diego,12/14/2021,County,3370418,804,396842,4,4452,23461,8513985,858,480667,359,12,371
33243,San Diego,12/15/2021,County,3370418,1132,397974,6,4458,26071,8540056,1360,482027,359,16,375
33299,San Diego,12/16/2021,County,3370418,1194,399168,9,4467,22560,8562616,1268,483295,367,17,384
33355,San Diego,12/17/2021,County,3370418,1164,400332,5,4472,21784,8584400,1286,484581,371,20,391
33411,San Diego,12/18/2021,County,3370418,925,401257,1,4473,14507,8598907,1110,485691,365,14,379
33467,San Diego,12/19/2021,County,3370418,962,402219,1,4474,11596,8610503,952,486643,351,23,374
33523,San Diego,12/20/2021,County,3370418,2471,404690,3,4477,29681,8640184,2531,489174,343,20,363
33579,San Diego,12/21/2021,County,3370418,3207,407897,5,4482,33593,8673777,3463,492637,363,24,387
33635,San Diego,12/22/2021,County,3370418,3721,411618,5,4487,33295,8707072,3925,496562,355,18,373
33691,San Diego,12/23/2021,County,3370418,4110,415728,8,4495,32005,8739077,4370,500932,334,24,358
33747,San Diego,12/24/2021,County,3370418,1851,417579,4,4499,12159,8751236,1773,502705,332,20,352
33803,San Diego,12/25/2021,County,3370418,1123,418702,4,4503,4798,8756034,907,503612,355,16,371
33859,San Diego,12/26/2021,County,3370418,4055,422757,4,4507,19091,8775125,3988,507600,384,20,404
33915,San Diego,12/27/2021,County,3370418,8968,431725,4,4511,42767,8817892,8989,516589,411,16,427
33971,San Diego,12/28/2021,County,3370418,10167,441892,1,4512,45397,8863289,10510,527099,427,27,454
34027,San Diego,12/29/2021,County,3370418,10647,452539,9,4521,44513,8907802,11070,538169,475,21,496
34083,San Diego,12/30/2021,County,3370418,10768,463307,4,4525,44375,8952177,11122,549291,510,25,535
34139,San Diego,12/31/2021,County,3370418,5119,468426,3,4528,22628,8974805,5758,555049,590,20,610
34195,San Diego,1/1/2022,County,3370418,3207,471633,6,4534,11386,8986191,3122,558171,628,17,645
34251,San Diego,1/2/2022,County,3370418,5911,477544,6,4540,24770,9010961,6437,564608,664,24,688
34307,San Diego,1/3/2022,County,3370418,14899,492443,6,4546,60739,9071700,15870,580478,682,26,708
34363,San Diego,1/4/2022,County,3370418,15925,508368,5,4551,63859,9135559,18122,598600,717,33,750
34419,San Diego,1/5/2022,County,3370418,16138,524506,8,4559,62126,9197685,18042,616642,774,26,800
34475,San Diego,1/6/2022,County,3370418,13417,537923,8,4567,54424,9252109,14996,631638,837,34,871
34531,San Diego,1/7/2022,County,3370418,11466,549389,9,4576,48841,9300950,13224,644862,889,40,929
34587,San Diego,1/8/2022,County,3370418,7019,556408,9,4585,29242,9330192,8944,653806,943,43,986
34643,San Diego,1/9/2022,County,3370418,4850,561258,6,4591,19020,9349212,5505,659311,988,25,1013
34699,San Diego,1/10/2022,County,3370418,12932,574190,21,4612,52733,9401945,14019,673330,1061,26,1087
34755,San Diego,1/11/2022,County,3370418,12508,586698,12,4624,55119,9457064,15264,688594,1066,37,1103
34811,San Diego,1/12/2022,County,3370418,11820,598518,14,4638,50187,9507251,13594,702188,1135,36,1171
34867,San Diego,1/13/2022,County,3370418,10327,608845,11,4649,48601,9555852,12396,714584,1180,24,1204
34923,San Diego,1/14/2022,County,3370418,8369,617214,18,4667,38260,9594112,10145,724729,1223,27,1250
34979,San Diego,1/15/2022,County,3370418,5527,622741,14,4681,23230,9617342,6685,731414,1206,24,1230
35035,San Diego,1/16/2022,County,3370418,3712,626453,21,4702,16597,9633939,4526,735940,1256,32,1288
35091,San Diego,1/17/2022,County,3370418,7468,633921,13,4715,34064,9668003,9120,745060,1260,29,1289
35147,San Diego,1/18/2022,County,3370418,11975,645896,18,4733,51300,9719303,13769,758829,1289,39,1328
35203,San Diego,1/19/2022,County,3370418,10011,655907,17,4750,45853,9765156,11692,770521,1303,31,1334
35259,San Diego,1/20/2022,County,3370418,8563,664470,23,4773,42822,9807978,10248,780769,1288,42,1330
35315,San Diego,1/21/2022,County,3370418,6916,671386,16,4789,35603,9843581,8786,789555,1292,34,1326
35371,San Diego,1/22/2022,County,3370418,4060,675446,18,4807,21081,9864662,5563,795118,1309,39,1348
35427,San Diego,1/23/2022,County,3370418,2409,677855,22,4829,13407,9878069,3381,798499,1297,23,1320
35483,San Diego,1/24/2022,County,3370418,6422,684277,17,4846,42170,9920239,8595,807094,1288,25,1313
35539,San Diego,1/25/2022,County,3370418,5496,689773,19,4865,35663,9955902,7459,814553,1276,30,1306
35595,San Diego,1/26/2022,County,3370418,4852,694625,14,4879,33050,9988952,6508,821061,1270,30,1300
35651,San Diego,1/27/2022,County,3370418,4107,698732,19,4898,31237,10020189,5393,826454,1253,20,1273
35707,San Diego,1/28/2022,County,3370418,3251,701983,15,4913,24463,10044652,4552,831006,1256,25,1281
35763,San Diego,1/29/2022,County,3370418,1777,703760,14,4927,13397,10058049,2652,833658,1210,27,1237
35819,San Diego,1/30/2022,County,3370418,1288,705048,10,4937,9659,10067708,1670,835328,1180,26,1206
35875,San Diego,1/31/2022,County,3370418,3436,708484,15,4952,34003,10101711,4641,839969,1158,26,1184
35931,San Diego,2/1/2022,County,3370418,2853,711337,20,4972,29140,10130851,4020,843989,1129,22,1151
35987,San Diego,2/2/2022,County,3370418,2469,713806,11,4983,25789,10156640,3351,847340,1105,21,1126
36043,San Diego,2/3/2022,County,3370418,2163,715969,15,4998,26790,10183430,2971,850311,1014,26,1040
36099,San Diego,2/4/2022,County,3370418,1929,717898,20,5018,22236,10205666,2757,853068,994,19,1013
36155,San Diego,2/5/2022,County,3370418,1106,719004,17,5035,10724,10216390,1659,854727,991,26,1017
36211,San Diego,2/6/2022,County,3370418,846,719850,18,5053,8082,10224472,1071,855798,959,15,974
36267,San Diego,2/7/2022,County,3370418,2026,721876,15,5068,29190,10253662,2818,858616,942,15,957
36323,San Diego,2/8/2022,County,3370418,1693,723569,15,5083,24861,10278523,2242,860858,921,21,942
36379,San Diego,2/9/2022,County,3370418,1530,725099,15,5098,21013,10299536,1938,862796,868,23,891
36435,San Diego,2/10/2022,County,3370418,1337,726436,13,5111,21734,10321270,1752,864548,837,22,859
36491,San Diego,2/11/2022,County,3370418,1086,727522,13,5124,18388,10339658,1610,866158,784,20,804
36547,San Diego,2/12/2022,County,3370418,688,728210,11,5135,9201,10348859,1028,867186,751,16,767
36603,San Diego,2/13/2022,County,3370418,489,728699,12,5147,6593,10355452,661,867847,728,7,735
36659,San Diego,2/14/2022,County,3370418,1124,729823,10,5157,24351,10379803,1587,869434,724,18,742
36715,San Diego,2/15/2022,County,3370418,960,730783,14,5171,21115,10400918,1335,870769,688,21,709
36771,San Diego,2/16/2022,County,3370418,951,731734,9,5180,19927,10420845,1304,872073,682,26,708
36827,San Diego,2/17/2022,County,3370418,749,732483,9,5189,18312,10439157,1053,873126,648,33,681
36883,San Diego,2/18/2022,County,3370418,591,733074,8,5197,13645,10452802,867,873993,628,36,664
36939,San Diego,2/19/2022,County,3370418,420,733494,7,5204,7296,10460098,592,874585,589,24,613
36995,San Diego,2/20/2022,County,3370418,342,733836,10,5214,5929,10466027,475,875060,576,24,600
37051,San Diego,2/21/2022,County,3370418,557,734393,6,5220,14410,10480437,739,875799,574,15,589
37107,San Diego,2/22/2022,County,3370418,606,734999,7,5227,20193,10500630,924,876723,562,22,584
37163,San Diego,2/23/2022,County,3370418,515,735514,3,5230,17102,10517732,743,877466,532,14,546
37219,San Diego,2/24/2022,County,3370418,494,736008,4,5234,16008,10533740,735,878201,497,11,508
37275,San Diego,2/25/2022,County,3370418,406,736414,5,5239,13345,10547085,594,878795,493,10,503
37331,San Diego,2/26/2022,County,3370418,279,736693,9,5248,7035,10554120,408,879203,450,11,461
37387,San Diego,2/27/2022,County,3370418,222,736915,2,5250,5706,10559826,321,879524,435,23,458
37443,San Diego,2/28/2022,County,3370418,467,737382,8,5258,20682,10580508,700,880224,424,18,442
37499,San Diego,3/1/2022,County,3370418,383,737765,5,5263,18974,10599482,618,880842,417,27,444
37555,San Diego,3/2/2022,County,3370418,417,738182,5,5268,16277,10615759,601,881443,391,20,411
37611,San Diego,3/3/2022,County,3370418,353,738535,3,5271,14781,10630540,467,881910,377,18,395
37667,San Diego,3/4/2022,County,3370418,338,738873,6,5277,13825,10644365,463,882373,346,14,360
37723,San Diego,3/5/2022,County,3370418,234,739107,5,5282,6685,10651050,299,882672,314,16,330
37779,San Diego,3/6/2022,County,3370418,185,739292,5,5287,5264,10656314,255,882927,308,16,324
37835,San Diego,3/7/2022,County,3370418,386,739678,2,5289,20893,10677207,543,883470,294,14,308
37891,San Diego,3/8/2022,County,3370418,337,740015,2,5291,20036,10697243,445,883915,272,11,283
37947,San Diego,3/9/2022,County,3370418,339,740354,4,5295,17316,10714559,438,884353,261,12,273
38003,San Diego,3/10/2022,County,3370418,268,740622,4,5299,14135,10728694,361,884714,253,13,266
38059,San Diego,3/11/2022,County,3370418,253,740875,2,5301,13017,10741711,342,885056,235,18,253
38115,San Diego,3/12/2022,County,3370418,164,741039,2,5303,6322,10748033,218,885274,225,7,232
38171,San Diego,3/13/2022,County,3370418,121,741160,2,5305,5235,10753268,173,885447,218,9,227
38227,San Diego,3/14/2022,County,3370418,335,741495,1,5306,20040,10773308,455,885902,221,6,227
38283,San Diego,3/15/2022,County,3370418,296,741791,2,5308,16966,10790274,397,886299,219,17,236
38339,San Diego,3/16/2022,County,3370418,241,742032,2,5310,15259,10805533,322,886621,212,12,224
38395,San Diego,3/17/2022,County,3370418,204,742236,4,5314,13008,10818541,279,886900,205,13,218
38451,San Diego,3/18/2022,County,3370418,175,742411,2,5316,12407,10830948,245,887145,200,9,209
38507,San Diego,3/19/2022,County,3370418,107,742518,1,5317,5579,10836527,170,887315,203,6,209
38563,San Diego,3/20/2022,County,3370418,98,742616,1,5318,4771,10841298,136,887451,192,6,198
38619,San Diego,3/21/2022,County,3370418,235,742851,3,5321,16632,10857930,352,887803,185,10,195
38675,San Diego,3/22/2022,County,3370418,224,743075,2,5323,13625,10871555,285,888088,171,20,191
38731,San Diego,3/23/2022,County,3370418,195,743270,0,5323,12788,10884343,263,888351,160,17,177
38787,San Diego,3/24/2022,County,3370418,192,743462,3,5326,10889,10895232,267,888618,162,8,170
38843,San Diego,3/25/2022,County,3370418,206,743668,3,5329,10222,10905454,271,888889,162,12,174
38899,San Diego,3/26/2022,County,3370418,120,743788,0,5329,5256,10910710,155,889044,155,6,161
38955,San Diego,3/27/2022,County,3370418,124,743912,0,5329,5248,10915958,153,889197,150,9,159
39011,San Diego,3/28/2022,County,3370418,253,744165,1,5330,14134,10930092,305,889502,140,10,150
39067,San Diego,3/29/2022,County,3370418,234,744399,2,5332,11682,10941774,287,889789,134,14,148
39123,San Diego,3/30/2022,County,3370418,239,744638,1,5333,11477,10953251,291,890080,133,12,145
39179,San Diego,3/31/2022,County,3370418,228,744866,0,5333,8499,10961750,253,890333,130,13,143
39235,San Diego,4/1/2022,County,3370418,234,745100,0,5333,10109,10971859,287,890620,132,13,145
39291,San Diego,4/2/2022,County,3370418,145,745245,1,5334,4964,10976823,173,890793,133,18,151
39347,San Diego,4/3/2022,County,3370418,122,745367,2,5336,4336,10981159,131,890924,119,21,140
39403,San Diego,4/4/2022,County,3370418,324,745691,1,5337,15648,10996807,373,891297,117,8,125
39459,San Diego,4/5/2022,County,3370418,317,746008,3,5340,13274,11010081,363,891660,110,15,125
39515,San Diego,4/6/2022,County,3370418,307,746315,1,5341,12675,11022756,340,892000,122,9,131
39571,San Diego,4/7/2022,County,3370418,294,746609,0,5341,11482,11034238,346,892346,115,14,129
39627,San Diego,4/8/2022,County,3370418,266,746875,0,5341,11156,11045394,278,892624,116,14,130
39683,San Diego,4/9/2022,County,3370418,166,747041,0,5341,5359,11050753,184,892808,111,19,130
39739,San Diego,4/10/2022,County,3370418,144,747185,0,5341,4839,11055592,176,892984,108,14,122
39795,San Diego,4/11/2022,County,3370418,328,747513,0,5341,15334,11070926,344,893328,113,19,132
39851,San Diego,4/12/2022,County,3370418,323,747836,1,5342,12847,11083773,356,893684,106,9,115
39907,San Diego,4/13/2022,County,3370418,328,748164,3,5345,12067,11095840,371,894055,109,8,117
39963,San Diego,4/14/2022,County,3370418,283,748447,2,5347,9218,11105058,310,894365,105,14,119
40019,San Diego,4/15/2022,County,3370418,274,748721,2,5349,9368,11114426,323,894688,103,5,108
40075,San Diego,4/16/2022,County,3370418,192,748913,0,5349,4880,11119306,231,894919,96,11,107
40131,San Diego,4/17/2022,County,3370418,148,749061,0,5349,3166,11122472,160,895079,107,3,110
40187,San Diego,4/18/2022,County,3370418,481,749542,1,5350,15546,11138018,510,895589,95,10,105
40243,San Diego,4/19/2022,County,3370418,470,750012,3,5353,13171,11151189,482,896071,100,13,113
40299,San Diego,4/20/2022,County,3370418,463,750475,0,5353,12274,11163463,498,896569,90,13,103
40355,San Diego,4/21/2022,County,3370418,438,750913,0,5353,11906,11175369,460,897029,89,14,103
40411,San Diego,4/22/2022,County,3370418,419,751332,0,5353,11220,11186589,485,897514,104,13,117
40467,San Diego,4/23/2022,County,3370418,314,751646,0,5353,5206,11191795,352,897866,97,11,108
40523,San Diego,4/24/2022,County,3370418,261,751907,1,5354,4555,11196350,294,898160,98,17,115
40579,San Diego,4/25/2022,County,3370418,628,752535,1,5355,15996,11212346,661,898821,96,8,104
40635,San Diego,4/26/2022,County,3370418,670,753205,0,5355,12965,11225311,668,899489,102,11,113
40691,San Diego,4/27/2022,County,3370418,658,753863,0,5355,12258,11237569,605,900094,103,14,117
40747,San Diego,4/28/2022,County,3370418,571,754434,0,5355,10325,11247894,597,900691,95,23,118
40803,San Diego,4/29/2022,County,3370418,535,754969,0,5355,10168,11258062,577,901268,96,16,112
40859,San Diego,4/30/2022,County,3370418,412,755381,2,5357,5253,11263315,435,901703,97,14,111
40915,San Diego,5/1/2022,County,3370418,370,755751,0,5357,4410,11267725,397,902100,84,9,93
40971,San Diego,5/2/2022,County,3370418,874,756625,1,5358,17553,11285278,899,902999,92,12,104
41027,San Diego,5/3/2022,County,3370418,859,757484,0,5358,15917,11301195,911,903910,100,13,113
41083,San Diego,5/4/2022,County,3370418,839,758323,1,5359,15850,11317045,868,904778,104,12,116
41139,San Diego,5/5/2022,County,3370418,746,759069,0,5359,14182,11331227,782,905560,102,6,108
41195,San Diego,5/6/2022,County,3370418,735,759804,1,5360,12200,11343427,848,906408,101,13,114
41251,San Diego,5/7/2022,County,3370418,510,760314,0,5360,5759,11349186,536,906944,94,11,105
41307,San Diego,5/8/2022,County,3370418,482,760796,0,5360,5142,11354328,531,907475,97,11,108
41363,San Diego,5/9/2022,County,3370418,1024,761820,0,5360,18083,11372411,1099,908574,109,18,127
41419,San Diego,5/10/2022,County,3370418,970,762790,1,5361,16750,11389161,1046,909620,110,13,123
41475,San Diego,5/11/2022,County,3370418,1008,763798,0,5361,17093,11406254,1060,910680,110,11,121
41531,San Diego,5/12/2022,County,3370418,979,764777,1,5362,15001,11421255,1035,911715,117,8,125
41587,San Diego,5/13/2022,County,3370418,949,765726,1,5363,13520,11434775,1040,912755,116,14,130
41643,San Diego,5/14/2022,County,3370418,636,766362,0,5363,6403,11441178,673,913428,111,16,127
41699,San Diego,5/15/2022,County,3370418,598,766960,3,5366,6007,11447185,669,914097,110,15,125
41755,San Diego,5/16/2022,County,3370418,1496,768456,0,5366,20015,11467200,1605,915702,116,12,128
41811,San Diego,5/17/2022,County,3370418,1536,769992,0,5366,19120,11486320,1543,917245,120,9,129
41867,San Diego,5/18/2022,County,3370418,1507,771499,0,5366,18725,11505045,1590,918835,134,11,145
41923,San Diego,5/19/2022,County,3370418,1425,772924,0,5366,16924,11521969,1524,920359,132,14,146
41979,San Diego,5/20/2022,County,3370418,1228,774152,1,5367,14721,11536690,1351,921710,133,5,138
42035,San Diego,5/21/2022,County,3370418,795,774947,1,5368,6675,11543365,917,922627,142,10,152
42091,San Diego,5/22/2022,County,3370418,690,775637,0,5368,6107,11549472,782,923409,142,15,157
42147,San Diego,5/23/2022,County,3370418,1601,777238,2,5370,21020,11570492,1768,925177,158,10,168
42203,San Diego,5/24/2022,County,3370418,1716,778954,1,5371,19934,11590426,1829,927006,167,8,175
42259,San Diego,5/25/2022,County,3370418,1639,780593,2,5373,17837,11608263,1803,928809,169,11,180
42315,San Diego,5/26/2022,County,3370418,1459,782052,0,5373,15731,11623994,1618,930427,170,9,179
42371,San Diego,5/27/2022,County,3370418,1297,783349,2,5375,13406,11637400,1463,931890,176,10,186
42427,San Diego,5/28/2022,County,3370418,872,784221,1,5376,6507,11643907,942,932832,189,15,204
42483,San Diego,5/29/2022,County,3370418,655,784876,3,5379,4871,11648778,733,933565,174,13,187
42539,San Diego,5/30/2022,County,3370418,740,785616,1,5380,7578,11656356,770,934335,179,12,191
42595,San Diego,5/31/2022,County,3370418,2260,787876,1,5381,23259,11679615,2450,936785,193,17,210
42651,San Diego,6/1/2022,County,3370418,1862,789738,1,5382,18024,11697639,2014,938799,199,4,203
42707,San Diego,6/2/2022,County,3370418,1682,791420,0,5382,15919,11713558,1868,940667,202,13,215
42763,San Diego,6/3/2022,County,3370418,1368,792788,0,5382,13726,11727284,1552,942219,210,6,216
42819,San Diego,6/4/2022,County,3370418,937,793725,0,5382,7169,11734453,1091,943310,207,17,224
42875,San Diego,6/5/2022,County,3370418,722,794447,3,5385,5702,11740155,831,944141,213,16,229
42931,San Diego,6/6/2022,County,3370418,1884,796331,3,5388,16673,11756828,2024,946165,207,7,214
42987,San Diego,6/7/2022,County,3370418,1782,798113,0,5388,16470,11773298,1971,948136,213,14,227
43043,San Diego,6/8/2022,County,3370418,1561,799674,2,5390,14469,11787767,1788,949924,232,5,237
43099,San Diego,6/9/2022,County,3370418,1487,801161,2,5392,13556,11801323,1684,951608,240,9,249
43155,San Diego,6/10/2022,County,3370418,1397,802558,0,5392,11968,11813291,1602,953210,232,16,248
43211,San Diego,6/11/2022,County,3370418,912,803470,4,5396,6991,11820282,1044,954254,216,14,230
43267,San Diego,6/12/2022,County,3370418,698,804168,1,5397,5582,11825864,810,955064,208,14,222
43323,San Diego,6/13/2022,County,3370418,1729,805897,0,5397,15874,11841738,1818,956882,219,8,227
43379,San Diego,6/14/2022,County,3370418,1696,807593,1,5398,14694,11856432,1781,958663,218,11,229
43435,San Diego,6/15/2022,County,3370418,1702,809295,0,5398,13639,11870071,1724,960387,212,14,226
43491,San Diego,6/16/2022,County,3370418,1541,810836,0,5398,12940,11883011,1599,961986,226,10,236
43547,San Diego,6/17/2022,County,3370418,1512,812348,2,5400,11203,11894214,1622,963608,222,10,232
43603,San Diego,6/18/2022,County,3370418,960,813308,4,5404,6679,11900893,1088,964696,218,6,224
43659,San Diego,6/19/2022,County,3370418,716,814024,1,5405,5371,11906264,796,965492,220,19,239
43715,San Diego,6/20/2022,County,3370418,1524,815548,1,5406,13002,11919266,1714,967206,220,20,240
43771,San Diego,6/21/2022,County,3370418,1982,817530,2,5408,16169,11935435,2083,969289,222,12,234
43827,San Diego,6/22/2022,County,3370418,1677,819207,2,5410,13177,11948612,1753,971042,263,17,280
43883,San Diego,6/23/2022,County,3370418,1599,820806,1,5411,12632,11961244,1745,972787,256,20,276
43939,San Diego,6/24/2022,County,3370418,1464,822270,1,5412,10970,11972214,1593,974380,255,12,267
43995,San Diego,6/25/2022,County,3370418,1033,823303,1,5413,6393,11978607,1141,975521,272,11,283
44051,San Diego,6/26/2022,County,3370418,902,824205,2,5415,5500,11984107,1016,976537,271,19,290
44107,San Diego,6/27/2022,County,3370418,2172,826377,0,5415,15820,11999927,2302,978839,292,11,303
44163,San Diego,6/28/2022,County,3370418,1906,828283,2,5417,14210,12014137,2111,980950,300,16,316
44219,San Diego,6/29/2022,County,3370418,1851,830134,1,5418,12683,12026820,1997,982947,322,13,335
44275,San Diego,6/30/2022,County,3370418,1724,831858,2,5420,12251,12039071,1879,984826,301,7,308
44331,San Diego,7/1/2022,County,3370418,1507,833365,2,5422,10442,12049513,1713,986539,308,7,315
44387,San Diego,7/2/2022,County,3370418,1032,834397,1,5423,6181,12055694,1167,987706,330,15,345
44443,San Diego,7/3/2022,County,3370418,802,835199,2,5425,4798,12060492,948,988654,303,17,320
44499,San Diego,7/4/2022,County,3370418,729,835928,0,5425,4940,12065432,841,989495,305,22,327
44555,San Diego,7/5/2022,County,3370418,2615,838543,1,5426,18004,12083436,2861,992356,341,10,351
44611,San Diego,7/6/2022,County,3370418,2328,840871,0,5426,14983,12098419,2493,994849,353,8,361
44667,San Diego,7/7/2022,County,3370418,2116,842987,2,5428,13190,12111609,2248,997097,363,16,379
44723,San Diego,7/8/2022,County,3370418,1905,844892,5,5433,11768,12123377,2129,999226,364,19,383
44779,San Diego,7/9/2022,County,3370418,1246,846138,1,5434,6629,12130006,1435,1000661,360,19,379
44835,San Diego,7/10/2022,County,3370418,903,847041,0,5434,5174,12135180,1059,1001720,366,14,380
44891,San Diego,7/11/2022,County,3370418,2479,849520,2,5436,15814,12150994,2644,1004364,373,15,388
44947,San Diego,7/12/2022,County,3370418,2366,851886,3,5439,15559,12166553,2668,1007032,398,22,420
45003,San Diego,7/13/2022,County,3370418,2350,854236,2,5441,13235,12179788,2497,1009529,395,15,410
45059,San Diego,7/14/2022,County,3370418,1898,856134,1,5442,12338,12192126,2117,1011646,417,16,433
45115,San Diego,7/15/2022,County,3370418,1868,858002,1,5443,11807,12203933,2143,1013789,422,13,435
45171,San Diego,7/16/2022,County,3370418,1271,859273,3,5446,6645,12210578,1523,1015312,413,20,433
45227,San Diego,7/17/2022,County,3370418,910,860183,2,5448,5094,12215672,1068,1016380,434,13,447
45283,San Diego,7/18/2022,County,3370418,2356,862539,6,5454,15187,12230859,2330,1018710,454,22,476
45339,San Diego,7/19/2022,County,3370418,2308,864847,2,5456,15071,12245930,2289,1020999,447,16,463
45395,San Diego,7/20/2022,County,3370418,2080,866927,3,5459,12563,12258493,2070,1023069,461,18,479
45451,San Diego,7/21/2022,County,3370418,1814,868741,1,5460,12586,12271079,1874,1024943,463,10,473
45507,San Diego,7/22/2022,County,3370418,1667,870408,2,5462,10645,12281724,1743,1026686,465,12,477
45563,San Diego,7/23/2022,County,3370418,1071,871479,1,5463,5726,12287450,1147,1027833,463,18,481
45619,San Diego,7/24/2022,County,3370418,818,872297,4,5467,4913,12292363,955,1028788,440,6,446
45675,San Diego,7/25/2022,County,3370418,2054,874351,6,5473,14681,12307044,2101,1030889,434,14,448
45731,San Diego,7/26/2022,County,3370418,1779,876130,6,5479,13323,12320367,1851,1032740,437,12,449
45787,San Diego,7/27/2022,County,3370418,1683,877813,0,5479,12056,12332423,1738,1034478,450,14,464
45843,San Diego,7/28/2022,County,3370418,1431,879244,1,5480,10899,12343322,1508,1035986,436,14,450
45899,San Diego,7/29/2022,County,3370418,1345,880589,3,5483,9856,12353178,1501,1037487,438,17,455
45955,San Diego,7/30/2022,County,3370418,845,881434,3,5486,4960,12358138,922,1038409,437,11,448
46011,San Diego,7/31/2022,County,3370418,638,882072,3,5489,4316,12362454,799,1039208,425,14,439
46067,San Diego,8/1/2022,County,3370418,1602,883674,0,5489,13245,12375699,1562,1040770,442,15,457
46123,San Diego,8/2/2022,County,3370418,1419,885093,2,5491,13158,12388857,1492,1042262,428,18,446
46179,San Diego,8/3/2022,County,3370418,1154,886247,2,5493,10315,12399172,1245,1043507,420,15,435
46235,San Diego,8/4/2022,County,3370418,1212,887459,0,5493,10633,12409805,1264,1044771,389,17,406
46291,San Diego,8/5/2022,County,3370418,976,888435,2,5495,9211,12419016,1081,1045852,374,22,396
46347,San Diego,8/6/2022,County,3370418,657,889092,2,5497,4970,12423986,749,1046601,364,24,388
46403,San Diego,8/7/2022,County,3370418,553,889645,3,5500,4342,12428328,690,1047291,362,10,372
46459,San Diego,8/8/2022,County,3370418,1269,890914,1,5501,12177,12440505,1237,1048528,367,17,384
46515,San Diego,8/9/2022,County,3370418,1087,892001,3,5504,11994,12452499,1172,1049700,326,15,341
46571,San Diego,8/10/2022,County,3370418,899,892900,0,5504,9760,12462259,1040,1050740,326,13,339
46627,San Diego,8/11/2022,County,3370418,851,893751,2,5506,9832,12472091,915,1051655,346,18,364
46683,San Diego,8/12/2022,County,3370418,777,894528,4,5510,8545,12480636,879,1052534,331,15,346
46739,San Diego,8/13/2022,County,3370418,531,895059,1,5511,4405,12485041,595,1053129,316,12,328
46795,San Diego,8/14/2022,County,3370418,445,895504,3,5514,3761,12488802,507,1053636,315,14,329
46851,San Diego,8/15/2022,County,3370418,892,896396,1,5515,11504,12500306,960,1054596,322,12,334
46907,San Diego,8/16/2022,County,3370418,839,897235,2,5517,11075,12511381,869,1055465,310,14,324
46963,San Diego,8/17/2022,County,3370418,815,898050,0,5517,9450,12520831,852,1056317,301,9,310
47019,San Diego,8/18/2022,County,3370418,740,898790,0,5517,9269,12530100,779,1057096,301,11,312
47075,San Diego,8/19/2022,County,3370418,641,899431,1,5518,7970,12538070,742,1057838,311,10,321
47131,San Diego,8/20/2022,County,3370418,498,899929,0,5518,4435,12542505,533,1058371,301,7,308
47187,San Diego,8/21/2022,County,3370418,381,900310,1,5519,3843,12546348,453,1058824,304,12,316
47243,San Diego,8/22/2022,County,3370418,854,901164,2,5521,11781,12558129,894,1059718,315,4,319
47299,San Diego,8/23/2022,County,3370418,683,901847,2,5523,11216,12569345,821,1060539,308,14,322
47355,San Diego,8/24/2022,County,3370418,615,902462,0,5523,9735,12579080,705,1061244,266,13,279
47411,San Diego,8/25/2022,County,3370418,561,903023,1,5524,8252,12587332,623,1061867,256,11,267
47467,San Diego,8/26/2022,County,3370418,543,903566,3,5527,7548,12594880,588,1062455,259,11,270
47523,San Diego,8/27/2022,County,3370418,421,903987,0,5527,4802,12599682,474,1062929,259,10,269
47579,San Diego,8/28/2022,County,3370418,336,904323,3,5530,3924,12603606,426,1063355,247,21,268
47635,San Diego,8/29/2022,County,3370418,758,905081,3,5533,11454,12615060,794,1064149,247,13,260
47691,San Diego,8/30/2022,County,3370418,628,905709,4,5537,11117,12626177,623,1064772,254,15,269
47747,San Diego,8/31/2022,County,3370418,527,906236,2,5539,9598,12635775,620,1065392,269,15,284
47803,San Diego,9/1/2022,County,3370418,467,906703,1,5540,8721,12644496,528,1065920,265,13,278
47859,San Diego,9/2/2022,County,3370418,419,907122,2,5542,7399,12651895,475,1066395,252,21,273
47915,San Diego,9/3/2022,County,3370418,270,907392,2,5544,3904,12655799,296,1066691,242,10,252
47971,San Diego,9/4/2022,County,3370418,244,907636,2,5546,3440,12659239,301,1066992,238,14,252
48027,San Diego,9/5/2022,County,3370418,239,907875,2,5548,4334,12663573,300,1067292,237,12,249
48083,San Diego,9/6/2022,County,3370418,621,908496,1,5549,12167,12675740,719,1068011,237,14,251
48139,San Diego,9/7/2022,County,3370418,507,909003,1,5550,9411,12685151,568,1068579,238,12,250
48195,San Diego,9/8/2022,County,3370418,491,909494,2,5552,8962,12694113,514,1069093,235,17,252
48251,San Diego,9/9/2022,County,3370418,377,909871,0,5552,7032,12701145,396,1069489,221,8,229
48307,San Diego,9/10/2022,County,3370418,262,910133,1,5553,4390,12705535,338,1069827,212,10,222
48363,San Diego,9/11/2022,County,3370418,227,910360,1,5554,3531,12709066,283,1070110,200,11,211
48419,San Diego,9/12/2022,County,3370418,539,910899,1,5555,10574,12719640,569,1070679,218,19,237
48475,San Diego,9/13/2022,County,3370418,480,911379,2,5557,10899,12730539,514,1071193,221,13,234
48531,San Diego,9/14/2022,County,3370418,402,911781,1,5558,9095,12739634,417,1071610,207,13,220
48587,San Diego,9/15/2022,County,3370418,379,912160,1,5559,8869,12748503,413,1072023,198,16,214
48643,San Diego,9/16/2022,County,3370418,356,912516,1,5560,7544,12756047,389,1072412,214,5,219
48699,San Diego,9/17/2022,County,3370418,275,912791,2,5562,4927,12760974,300,1072712,196,14,210
48755,San Diego,9/18/2022,County,3370418,177,912968,1,5563,4193,12765167,242,1072954,200,12,212
48811,San Diego,9/19/2022,County,3370418,479,913447,1,5564,10710,12775877,522,1073476,194,16,210
48867,San Diego,9/20/2022,County,3370418,428,913875,0,5564,10618,12786495,499,1073975,181,14,195
48923,San Diego,9/21/2022,County,3370418,409,914284,3,5567,8952,12795447,430,1074405,180,17,197
48979,San Diego,9/22/2022,County,3370418,378,914662,0,5567,7822,12803269,398,1074803,189,14,203
49035,San Diego,9/23/2022,County,3370418,362,915024,1,5568,6712,12809981,409,1075212,196,14,210
49091,San Diego,9/24/2022,County,3370418,245,915269,0,5568,3906,12813887,262,1075474,202,16,218
49147,San Diego,9/25/2022,County,3370418,206,915475,2,5570,3248,12817135,230,1075704,214,11,225
49203,San Diego,9/26/2022,County,3370418,452,915927,1,5571,9969,12827104,481,1076185,216,13,229
49259,San Diego,9/27/2022,County,3370418,422,916349,2,5573,9634,12836738,441,1076626,211,18,229
49315,San Diego,9/28/2022,County,3370418,400,916749,2,5575,7561,12844299,429,1077055,201,11,212
49371,San Diego,9/29/2022,County,3370418,323,917072,2,5577,7060,12851359,373,1077428,180,19,199
49427,San Diego,9/30/2022,County,3370418,246,917318,0,5577,6171,12857530,311,1077739,191,11,202
49483,San Diego,10/1/2022,County,3370418,215,917533,2,5579,3311,12860841,251,1077990,164,11,175
49539,San Diego,10/2/2022,County,3370418,117,917650,1,5580,2946,12863787,161,1078151,170,15,185
49595,San Diego,10/3/2022,County,3370418,371,918021,0,5580,10248,12874035,426,1078577,180,13,193
49651,San Diego,10/4/2022,County,3370418,318,918339,1,5581,8592,12882627,369,1078946,177,14,191
49707,San Diego,10/5/2022,County,3370418,332,918671,1,5582,7443,12890070,368,1079314,171,24,195
49763,San Diego,10/6/2022,County,3370418,224,918895,0,5582,6529,12896599,282,1079596,166,19,185
49819,San Diego,10/7/2022,County,3370418,247,919142,0,5582,6259,12902858,305,1079901,151,15,166
49875,San Diego,10/8/2022,County,3370418,170,919312,0,5582,3324,12906182,204,1080105,138,14,152
49931,San Diego,10/9/2022,County,3370418,132,919444,1,5583,2947,12909129,185,1080290,142,9,151
49987,San Diego,10/10/2022,County,3370418,280,919724,2,5585,8265,12917394,313,1080603,151,10,161
50043,San Diego,10/11/2022,County,3370418,262,919986,2,5587,8313,12925707,294,1080897,145,10,155
50099,San Diego,10/12/2022,County,3370418,279,920265,3,5590,7392,12933099,313,1081210,144,14,158
50155,San Diego,10/13/2022,County,3370418,254,920519,0,5590,6768,12939867,300,1081510,149,9,158
50211,San Diego,10/14/2022,County,3370418,205,920724,3,5593,6216,12946083,242,1081752,143,11,154
50267,San Diego,10/15/2022,County,3370418,211,920935,0,5593,3315,12949398,238,1081990,137,10,147
50323,San Diego,10/16/2022,County,3370418,117,921052,0,5593,3357,12952755,144,1082134,149,9,158
50379,San Diego,10/17/2022,County,3370418,320,921372,0,5593,8382,12961137,350,1082484,141,13,154
50435,San Diego,10/18/2022,County,3370418,301,921673,0,5593,8555,12969692,307,1082791,130,11,141
50491,San Diego,10/19/2022,County,3370418,299,921972,2,5595,7378,12977070,304,1083095,130,7,137
50547,San Diego,10/20/2022,County,3370418,256,922228,2,5597,7082,12984152,280,1083375,124,10,134
50603,San Diego,10/21/2022,County,3370418,196,922424,1,5598,5122,12989274,208,1083583,107,3,110
50659,San Diego,10/22/2022,County,3370418,150,922574,0,5598,3125,12992399,159,1083742,117,16,133
50715,San Diego,10/23/2022,County,3370418,130,922704,0,5598,2970,12995369,146,1083888,121,6,127
50771,San Diego,10/24/2022,County,3370418,351,923055,0,5598,7914,13003283,358,1084246,101,8,109
50827,San Diego,10/25/2022,County,3370418,274,923329,0,5598,8662,13011945,285,1084531,111,10,121
50883,San Diego,10/26/2022,County,3370418,268,923597,0,5598,6595,13018540,295,1084826,175,9,184
50939,San Diego,10/27/2022,County,3370418,287,923884,2,5600,6864,13025404,298,1085124,122,16,138
50995,San Diego,10/28/2022,County,3370418,245,924129,0,5600,5761,13031165,273,1085397,125,16,141
51051,San Diego,10/29/2022,County,3370418,183,924312,1,5601,3486,13034651,195,1085592,117,17,134
51107,San Diego,10/30/2022,County,3370418,156,924468,2,5603,3212,13037863,178,1085770,134,17,151
51163,San Diego,10/31/2022,County,3370418,356,924824,0,5603,8272,13046135,371,1086141,122,14,136
51219,San Diego,11/1/2022,County,3370418,331,925155,0,5603,8428,13054563,324,1086465,117,16,133
51275,San Diego,11/2/2022,County,3370418,327,925482,1,5604,7550,13062113,337,1086802,186,16,202
51331,San Diego,11/3/2022,County,3370418,333,925815,3,5607,7060,13069173,347,1087149,134,15,149
51387,San Diego,11/4/2022,County,3370418,254,926069,1,5608,6120,13075293,272,1087421,129,11,140
51443,San Diego,11/5/2022,County,3370418,205,926274,1,5609,3636,13078929,217,1087638,130,9,139
51499,San Diego,11/6/2022,County,3370418,196,926470,1,5610,3414,13082343,209,1087847,146,10,156
51555,San Diego,11/7/2022,County,3370418,508,926978,1,5611,9482,13091825,508,1088355,141,10,151
51611,San Diego,11/8/2022,County,3370418,366,927344,0,5611,8075,13099900,379,1088734,140,14,154
51667,San Diego,11/9/2022,County,3370418,413,927757,0,5611,7247,13107147,415,1089149,153,7,160
51723,San Diego,11/10/2022,County,3370418,322,928079,1,5612,6885,13114032,348,1089497,156,12,168
51779,San Diego,11/11/2022,County,3370418,259,928338,2,5614,4902,13118934,300,1089797,156,12,168
51835,San Diego,11/12/2022,County,3370418,278,928616,3,5617,3793,13122727,287,1090084,146,17,163
51891,San Diego,11/13/2022,County,3370418,240,928856,0,5617,3496,13126223,243,1090327,158,13,171
51947,San Diego,11/14/2022,County,3370418,576,929432,2,5619,9516,13135739,574,1090901,145,19,164
52003,San Diego,11/15/2022,County,3370418,587,930019,0,5619,9049,13144788,590,1091491,161,19,180
52059,San Diego,11/16/2022,County,3370418,469,930488,0,5619,7828,13152616,512,1092003,173,19,192
52115,San Diego,11/17/2022,County,3370418,469,930957,0,5619,7264,13159880,482,1092485,186,19,205
52171,San Diego,11/18/2022,County,3370418,404,931361,0,5619,6426,13166306,470,1092955,186,21,207
52227,San Diego,11/19/2022,County,3370418,326,931687,3,5622,3527,13169833,346,1093301,193,16,209
52283,San Diego,11/20/2022,County,3370418,238,931925,0,5622,2798,13172631,249,1093550,200,23,223
52339,San Diego,11/21/2022,County,3370418,680,932605,0,5622,7243,13179874,638,1094188,224,22,246
52395,San Diego,11/22/2022,County,3370418,597,933202,1,5623,6264,13186138,521,1094709,205,23,228
52451,San Diego,11/23/2022,County,3370418,513,933715,2,5625,4948,13191086,472,1095181,213,15,228
52507,San Diego,11/24/2022,County,3370418,211,933926,1,5626,1332,13192418,137,1095318,198,13,211
52563,San Diego,11/25/2022,County,3370418,592,934518,3,5629,3661,13196079,518,1095836,221,15,236
52619,San Diego,11/26/2022,County,3370418,493,935011,0,5629,3288,13199367,405,1096241,236,21,257
52675,San Diego,11/27/2022,County,3370418,471,935482,2,5631,2735,13202102,385,1096626,244,28,272
52731,San Diego,11/28/2022,County,3370418,1264,936746,0,5631,9777,13211879,1124,1097750,286,17,303
52787,San Diego,11/29/2022,County,3370418,1071,937817,1,5632,8871,13220750,943,1098693,298,17,315
52843,San Diego,11/30/2022,County,3370418,936,938753,2,5634,7200,13227950,843,1099536,284,22,306
52899,San Diego,12/1/2022,County,3370418,851,939604,4,5638,7072,13235022,815,1100351,301,20,321
52955,San Diego,12/2/2022,County,3370418,812,940416,1,5639,6154,13241176,701,1101052,333,22,355
53011,San Diego,12/3/2022,County,3370418,508,940924,3,5642,3459,13244635,473,1101525,316,19,335
53067,San Diego,12/4/2022,County,3370418,501,941425,2,5644,2850,13247485,476,1102001,307,23,330
53123,San Diego,12/5/2022,County,3370418,1062,942487,1,5645,9189,13256674,952,1102953,332,20,352
53179,San Diego,12/6/2022,County,3370418,874,943361,2,5647,8518,13265192,793,1103746,345,23,368
53235,San Diego,12/7/2022,County,3370418,835,944196,4,5651,6357,13271549,763,1104509,337,22,359
53291,San Diego,12/8/2022,County,3370418,813,945009,4,5655,6534,13278083,745,1105254,342,19,361
53347,San Diego,12/9/2022,County,3370418,644,945653,1,5656,5664,13283747,592,1105846,359,28,387
53403,San Diego,12/10/2022,County,3370418,440,946093,0,5656,2903,13286650,405,1106251,336,25,361
53459,San Diego,12/11/2022,County,3370418,365,946458,3,5659,2476,13289126,300,1106551,343,33,376
53515,San Diego,12/12/2022,County,3370418,879,947337,2,5661,8216,13297342,782,1107333,376,22,398
53571,San Diego,12/13/2022,County,3370418,879,948216,3,5664,7989,13305331,756,1108089,368,18,386
53627,San Diego,12/14/2022,County,3370418,762,948978,2,5666,6860,13312191,677,1108766,359,24,383
53683,San Diego,12/15/2022,County,3370418,768,949746,2,5668,6297,13318488,646,1109412,370,22,392
53739,San Diego,12/16/2022,County,3370418,686,950432,3,5671,5159,13323647,577,1109989,380,14,394
53795,San Diego,12/17/2022,County,3370418,458,950890,1,5672,2770,13326417,444,1110433,361,14,375
53851,San Diego,12/18/2022,County,3370418,409,951299,3,5675,2986,13329403,402,1110835,382,10,392
53907,San Diego,12/19/2022,County,3370418,894,952193,2,5677,7372,13336775,812,1111647,426,19,445
53963,San Diego,12/20/2022,County,3370418,960,953153,1,5678,6792,13343567,856,1112503,427,21,448
54019,San Diego,12/21/2022,County,3370418,798,953951,6,5684,5692,13349259,678,1113181,421,22,443
54075,San Diego,12/22/2022,County,3370418,818,954769,1,5685,5221,13354480,732,1113913,425,16,441
54131,San Diego,12/23/2022,County,3370418,722,955491,2,5687,3782,13358262,632,1114545,434,23,457
54187,San Diego,12/24/2022,County,3370418,433,955924,5,5692,1830,13360092,352,1114897,393,23,416
54243,San Diego,12/25/2022,County,3370418,229,956153,8,5700,1174,13361266,137,1115034,398,14,412
54299,San Diego,12/26/2022,County,3370418,647,956800,4,5704,4491,13365757,628,1115662,440,22,462
54355,San Diego,12/27/2022,County,3370418,1075,957875,7,5711,6979,13372736,943,1116605,445,20,465
54411,San Diego,12/28/2022,County,3370418,927,958802,3,5714,5894,13378630,824,1117429,456,21,477
54467,San Diego,12/29/2022,County,3370418,821,959623,4,5718,4884,13383514,725,1118154,481,16,497
54523,San Diego,12/30/2022,County,3370418,711,960334,5,5723,3769,13387283,629,1118783,448,25,473
54579,San Diego,12/31/2022,County,3370418,397,960731,1,5724,2046,13389329,357,1119140,414,16,430
54635,San Diego,1/1/2023,County,3370418,190,960921,5,5729,1299,13390628,171,1119311,422,15,437
54691,San Diego,1/2/2023,County,3370418,509,961430,4,5733,4830,13395458,506,1119817,444,15,459
54747,San Diego,1/3/2023,County,3370418,773,962203,6,5739,7326,13402784,652,1120469,439,8,447
54803,San Diego,1/4/2023,County,3370418,672,962875,9,5748,6069,13408853,619,1121088,438,16,454
54859,San Diego,1/5/2023,County,3370418,556,963431,4,5752,5206,13414059,474,1121562,461,19,480
54915,San Diego,1/6/2023,County,3370418,453,963884,10,5762,4270,13418329,409,1121971,441,12,453
54971,San Diego,1/7/2023,County,3370418,322,964206,5,5767,2427,13420756,265,1122236,370,12,382
55027,San Diego,1/8/2023,County,3370418,273,964479,7,5774,2741,13423497,279,1122515,418,11,429
55083,San Diego,1/9/2023,County,3370418,548,965027,6,5780,7284,13430781,453,1122968,437,14,451
55139,San Diego,1/10/2023,County,3370418,439,965466,5,5785,6010,13436791,370,1123338,401,10,411
55195,San Diego,1/11/2023,County,3370418,372,965838,3,5788,5977,13442768,361,1123699,415,14,429
55251,San Diego,1/12/2023,County,3370418,329,966167,2,5790,4699,13447467,298,1123997,378,10,388
55307,San Diego,1/13/2023,County,3370418,293,966460,6,5796,4120,13451587,251,1124248,388,13,401
55363,San Diego,1/14/2023,County,3370418,190,966650,2,5798,1892,13453479,157,1124405,353,21,374
55419,San Diego,1/15/2023,County,3370418,195,966845,3,5801,1995,13455474,170,1124575,347,7,354
55475,San Diego,1/16/2023,County,3370418,250,967095,5,5806,4143,13459617,218,1124793,366,9,375
55531,San Diego,1/17/2023,County,3370418,426,967521,5,5811,7034,13466651,352,1125145,340,11,351
55587,San Diego,1/18/2023,County,3370418,338,967859,1,5812,5680,13472331,291,1125436,373,13,386
55643,San Diego,1/19/2023,County,3370418,317,968176,2,5814,4938,13477269,269,1125705,340,7,347
55699,San Diego,1/20/2023,County,3370418,246,968422,5,5819,4090,13481359,235,1125940,322,17,339
55755,San Diego,1/21/2023,County,3370418,191,968613,1,5820,2228,13483587,171,1126111,285,7,292
55811,San Diego,1/22/2023,County,3370418,160,968773,0,5820,2069,13485656,158,1126269,287,7,294
55867,San Diego,1/23/2023,County,3370418,354,969127,2,5822,7361,13493017,340,1126609,273,6,279
55923,San Diego,1/24/2023,County,3370418,332,969459,1,5823,6051,13499068,303,1126912,293,11,304
55979,San Diego,1/25/2023,County,3370418,309,969768,4,5827,5219,13504287,260,1127172,281,11,292
56035,San Diego,1/26/2023,County,3370418,293,970061,6,5833,4751,13509038,226,1127398,283,10,293
56091,San Diego,1/27/2023,County,3370418,271,970332,2,5835,4004,13513042,248,1127646,277,12,289
56147,San Diego,1/28/2023,County,3370418,181,970513,5,5840,2277,13515319,150,1127796,243,13,256
56203,San Diego,1/29/2023,County,3370418,122,970635,5,5845,1990,13517309,108,1127904,270,7,277
56259,San Diego,1/30/2023,County,3370418,350,970985,4,5849,6052,13523361,308,1128212,234,9,243
56315,San Diego,1/31/2023,County,3370418,345,971330,2,5851,5712,13529073,293,1128505,264,11,275
56371,San Diego,2/1/2023,County,3370418,308,971638,1,5852,5055,13534128,248,1128753,262,11,273
56427,San Diego,2/2/2023,County,3370418,247,971885,3,5855,4388,13538516,200,1128953,281,16,297
56483,San Diego,2/3/2023,County,3370418,243,972128,4,5859,3898,13542414,205,1129158,242,8,250
56539,San Diego,2/4/2023,County,3370418,183,972311,3,5862,2277,13544691,148,1129306,252,11,263
56595,San Diego,2/5/2023,County,3370418,164,972475,3,5865,2050,13546741,148,1129454,277,12,289
56651,San Diego,2/6/2023,County,3370418,388,972863,3,5868,6902,13553643,338,1129792,253,14,267
56707,San Diego,2/7/2023,County,3370418,400,973263,2,5870,5925,13559568,319,1130111,257,13,270
56763,San Diego,2/8/2023,County,3370418,312,973575,0,5870,5218,13564786,243,1130354,259,10,269
56819,San Diego,2/9/2023,County,3370418,308,973883,2,5872,4813,13569599,240,1130594,306,15,321
56875,San Diego,2/10/2023,County,3370418,276,974159,0,5872,4117,13573716,227,1130821,270,11,281
56931,San Diego,2/11/2023,County,3370418,179,974338,3,5875,1995,13575711,139,1130960,277,16,293
56987,San Diego,2/12/2023,County,3370418,153,974491,3,5878,1812,13577523,110,1131070,268,12,280
57043,San Diego,2/13/2023,County,3370418,404,974895,1,5879,5780,13583303,348,1131418,243,12,255
57099,San Diego,2/14/2023,County,3370418,314,975209,1,5880,5569,13588872,259,1131677,242,7,249
57155,San Diego,2/15/2023,County,3370418,321,975530,2,5882,4905,13593777,236,1131913,247,6,253
57211,San Diego,2/16/2023,County,3370418,271,975801,1,5883,4380,13598157,203,1132116,243,10,253
57267,San Diego,2/17/2023,County,3370418,252,976053,1,5884,3089,13601246,195,1132311,238,9,247
57323,San Diego,2/18/2023,County,3370418,181,976234,6,5890,1521,13602767,131,1132442,233,6,239
57379,San Diego,2/19/2023,County,3370418,157,976391,4,5894,1968,13604735,119,1132561,252,8,260
57435,San Diego,2/20/2023,County,3370418,269,976660,1,5895,4336,13609071,236,1132797,226,8,234
57491,San Diego,2/21/2023,County,3370418,374,977034,2,5897,5939,13615010,318,1133115,277,5,282
57547,San Diego,2/22/2023,County,3370418,266,977300,3,5900,4774,13619784,212,1133327,251,11,262
57603,San Diego,2/23/2023,County,3370418,299,977599,2,5902,4464,13624248,238,1133565,224,13,237
57659,San Diego,2/24/2023,County,3370418,256,977855,2,5904,3864,13628112,206,1133771,216,19,235
57715,San Diego,2/25/2023,County,3370418,156,978011,1,5905,1807,13629919,124,1133895,238,22,260
57771,San Diego,2/26/2023,County,3370418,150,978161,4,5909,1767,13631686,124,1134019,257,18,275
57827,San Diego,2/27/2023,County,3370418,308,978469,0,5909,5242,13636928,274,1134293,231,21,252
57883,San Diego,2/28/2023,County,3370418,270,978739,2,5911,5391,13642319,224,1134517,264,15,279
57939,San Diego,3/1/2023,County,3370418,218,978957,6,5917,4210,13646529,167,1134684,225,9,234
57995,San Diego,3/2/2023,County,3370418,210,979167,4,5921,4027,13650556,161,1134845,211,11,222
58051,San Diego,3/3/2023,County,3370418,221,979388,0,5921,3457,13654013,174,1135019,200,6,206
58107,San Diego,3/4/2023,County,3370418,115,979503,3,5924,1646,13655659,109,1135128,202,11,213
58163,San Diego,3/5/2023,County,3370418,113,979616,1,5925,1607,13657266,97,1135225,221,8,229
58219,San Diego,3/6/2023,County,3370418,263,979879,5,5930,5319,13662585,219,1135444,192,7,199
58275,San Diego,3/7/2023,County,3370418,234,980113,5,5935,5037,13667622,168,1135612,227,15,242
58331,San Diego,3/8/2023,County,3370418,219,980332,3,5938,4431,13672053,161,1135773,203,15,218
58387,San Diego,3/9/2023,County,3370418,186,980518,3,5941,3730,13675783,154,1135927,187,10,197
58443,San Diego,3/10/2023,County,3370418,188,980706,2,5943,3079,13678862,152,1136079,198,9,207
58499,San Diego,3/11/2023,County,3370418,135,980841,3,5946,1773,13680635,115,1136194,187,19,206
58555,San Diego,3/12/2023,County,3370418,134,980975,2,5948,1570,13682205,106,1136300,198,11,209
58611,San Diego,3/13/2023,County,3370418,222,981197,2,5950,4838,13687043,183,1136483,190,18,208
58667,San Diego,3/14/2023,County,3370418,220,981417,5,5955,5105,13692148,184,1136667,177,7,184
58723,San Diego,3/15/2023,County,3370418,194,981611,2,5957,4582,13696730,161,1136828,158,5,163
58779,San Diego,3/16/2023,County,3370418,168,981779,2,5959,3859,13700589,156,1136984,163,13,176
58835,San Diego,3/17/2023,County,3370418,157,981936,3,5962,3028,13703617,134,1137118,158,14,172
58891,San Diego,3/18/2023,County,3370418,97,982033,5,5967,1477,13705094,88,1137206,154,12,166
58947,San Diego,3/19/2023,County,3370418,98,982131,0,5967,1272,13706366,65,1137271,166,8,174
59003,San Diego,3/20/2023,County,3370418,187,982318,4,5971,4193,13710559,164,1137435,152,12,164
59059,San Diego,3/21/2023,County,3370418,141,982459,2,5973,4284,13714843,145,1137580,148,16,164
59115,San Diego,3/22/2023,County,3370418,148,982607,2,5975,3620,13718463,144,1137724,145,6,151
59171,San Diego,3/23/2023,County,3370418,160,982767,2,5977,3295,13721758,155,1137879,146,7,153
59227,San Diego,3/24/2023,County,3370418,139,982906,2,5979,2742,13724500,135,1138014,144,13,157
59283,San Diego,3/25/2023,County,3370418,78,982984,2,5981,1698,13726198,92,1138106,135,10,145
59339,San Diego,3/26/2023,County,3370418,65,983049,1,5982,1448,13727646,70,1138176,156,11,167
59395,San Diego,3/27/2023,County,3370418,155,983204,3,5985,3865,13731511,145,1138321,144,6,150
59451,San Diego,3/28/2023,County,3370418,139,983343,2,5987,4181,13735692,132,1138453,146,7,153
59507,San Diego,3/29/2023,County,3370418,125,983468,1,5988,3503,13739195,126,1138579,137,12,149
59563,San Diego,3/30/2023,County,3370418,103,983571,1,5989,2993,13742188,98,1138677,130,4,134
59619,San Diego,3/31/2023,County,3370418,106,983677,1,5990,2253,13744441,115,1138792,135,9,144
59675,San Diego,4/1/2023,County,3370418,71,983748,1,5991,1527,13745968,71,1138863,140,7,147
59731,San Diego,4/2/2023,County,3370418,81,983829,2,5993,1729,13747697,77,1138940,150,9,159
59787,San Diego,4/3/2023,County,3370418,148,983977,2,5995,3839,13751536,151,1139091,138,8,146
59843,San Diego,4/4/2023,County,3370418,133,984110,3,5998,4144,13755680,135,1139226,136,18,154
59899,San Diego,4/5/2023,County,3370418,125,984235,2,6000,3760,13759440,116,1139342,133,23,156
59955,San Diego,4/6/2023,County,3370418,109,984344,2,6002,3410,13762850,117,1139459,137,15,152
60011,San Diego,4/7/2023,County,3370418,123,984467,3,6005,3031,13765881,113,1139572,129,7,136
60067,San Diego,4/8/2023,County,3370418,87,984554,1,6006,1585,13767466,82,1139654,136,11,147
60123,San Diego,4/9/2023,County,3370418,98,984652,3,6009,1255,13768721,97,1139751,148,11,159
60179,San Diego,4/10/2023,County,3370418,173,984825,1,6010,3970,13772691,172,1139923,131,8,139
60235,San Diego,4/11/2023,County,3370418,159,984984,2,6012,4067,13776758,156,1140079,119,16,135
60291,San Diego,4/12/2023,County,3370418,133,985117,3,6015,3387,13780145,124,1140203,121,15,136
60347,San Diego,4/13/2023,County,3370418,121,985238,1,6016,3211,13783356,124,1140327,110,10,120
60403,San Diego,4/14/2023,County,3370418,112,985350,0,6016,2906,13786262,128,1140455,108,10,118
60459,San Diego,4/15/2023,County,3370418,79,985429,0,6016,1476,13787738,90,1140545,121,19,140
60515,San Diego,4/16/2023,County,3370418,67,985496,2,6018,1308,13789046,69,1140614,149,12,161
60571,San Diego,4/17/2023,County,3370418,168,985664,3,6021,3620,13792666,180,1140794,128,17,145
60627,San Diego,4/18/2023,County,3370418,124,985788,3,6024,3697,13796363,133,1140927,115,15,130
60683,San Diego,4/19/2023,County,3370418,107,985895,0,6024,3335,13799698,109,1141036,120,18,138
60739,San Diego,4/20/2023,County,3370418,106,986001,0,6024,3231,13802929,118,1141154,116,18,134
60795,San Diego,4/21/2023,County,3370418,83,986084,1,6025,2804,13805733,85,1141239,120,14,134
60851,San Diego,4/22/2023,County,3370418,73,986157,2,6027,1218,13806951,76,1141315,114,17,131
60907,San Diego,4/23/2023,County,3370418,65,986222,0,6027,1282,13808233,71,1141386,130,17,147
60963,San Diego,4/24/2023,County,3370418,148,986370,1,6028,3535,13811768,139,1141525,105,14,119
61019,San Diego,4/25/2023,County,3370418,130,986500,1,6029,3680,13815448,139,1141664,101,14,115
61075,San Diego,4/26/2023,County,3370418,106,986606,0,6029,3158,13818606,113,1141777,102,15,117
61131,San Diego,4/27/2023,County,3370418,70,986676,0,6029,2821,13821427,82,1141859,113,16,129
61187,San Diego,4/28/2023,County,3370418,90,986766,0,6029,2554,13823981,97,1141956,100,15,115
61243,San Diego,4/29/2023,County,3370418,45,986811,0,6029,1114,13825095,58,1142014,100,14,114
61299,San Diego,4/30/2023,County,3370418,42,986853,0,6029,1291,13826386,43,1142057,121,17,138
