date,population,hospitalized_confirmed,hospitalized_suspected,hospitalized_covid_patients,cases_new,cumulative_cases_new,deaths,cumulative_deaths,new_tests,cumulative_total_tests,positive_tests,cumulative_positive_tests
1/1/2021,40129160,20344,859,21203,19865,2537843,662,33934,76793,34967927,13896,2891069
1/2/2021,40129160,20690,820,21510,37405,2575248,642,34576,216770,35184697,43601,2934670
1/3/2021,40129160,21128,875,22003,27237,2602485,676,35252,201041,35385738,29325,2963995
1/4/2021,40129160,21597,888,22485,60462,2662947,702,35954,471643,35857381,70975,3034970
1/5/2021,40129160,21923,898,22821,54752,2717699,709,36663,460073,36317454,69021,3103991
1/6/2021,40129160,21938,915,22853,50384,2768083,695,37358,432688,36750142,62754,3166745
1/7/2021,40129160,21855,981,22836,44909,2812992,708,38066,410459,37160601,57673,3224418
1/8/2021,40129160,21754,846,22600,40939,2853931,681,38747,343043,37503644,50450,3274868
1/9/2021,40129160,21647,866,22513,28545,2882476,687,39434,206585,37710229,34420,3309288
1/10/2021,40129160,21664,965,22629,19136,2901612,683,40117,190663,37900892,22172,3331460
1/11/2021,40129160,21747,918,22665,41940,2943552,707,40824,454243,38355135,53557,3385017
1/12/2021,40129160,21654,896,22550,38558,2982110,717,41541,420745,38775880,49742,3434759
1/13/2021,40129160,21282,928,22210,34589,3016699,631,42172,393806,39169686,45912,3480671
1/14/2021,40129160,20999,858,21857,31765,3048464,655,42827,383557,39553243,43707,3524378
1/15/2021,40129160,20722,857,21579,28966,3077430,710,43537,304252,39857495,38092,3562470
1/16/2021,40129160,20323,820,21143,19955,3097385,625,44162,172725,40030220,25510,3587980
1/17/2021,40129160,20172,830,21002,13634,3111019,642,44804,146377,40176597,16207,3604187
1/18/2021,40129160,20062,880,20942,23553,3134572,604,45408,314960,40491557,29463,3633650
1/19/2021,40129160,19979,835,20814,27296,3161868,594,46002,394781,40886338,36840,3670490
1/20/2021,40129160,19537,871,20408,25115,3186983,609,46611,354116,41240454,33720,3704210
1/21/2021,40129160,18985,870,19855,22016,3208999,568,47179,349492,41589946,31516,3735726
1/22/2021,40129160,18442,851,19293,19674,3228673,552,47731,275388,41865334,27405,3763131
1/23/2021,40129160,17810,828,18638,13444,3242117,502,48233,136868,42002202,17304,3780435
1/24/2021,40129160,17432,915,18347,10371,3252488,459,48692,145569,42147771,12587,3793022
1/25/2021,40129160,17236,803,18039,20107,3272595,516,49208,343232,42491003,26614,3819636
1/26/2021,40129160,16839,871,17710,17765,3290360,499,49707,322388,42813391,25104,3844740
1/27/2021,40129160,16251,892,17143,15736,3306096,462,50169,288410,43101801,22239,3866979
1/28/2021,40129160,15705,876,16581,14562,3320658,469,50638,281953,43383754,20615,3887594
1/29/2021,40129160,15296,828,16124,12759,3333417,458,51096,227603,43611357,17968,3905562
1/30/2021,40129160,14856,820,15676,10067,3343484,438,51534,125248,43736605,14359,3919921
1/31/2021,40129160,14443,769,15212,7956,3351440,416,51950,140784,43877389,9611,3929532
2/1/2021,40129160,14221,778,14999,15268,3366708,481,52431,341002,44218391,21001,3950533
2/2/2021,40129160,13766,812,14578,12638,3379346,401,52832,317609,44536000,19236,3969769
2/3/2021,40129160,13277,861,14138,11534,3390880,386,53218,297932,44833932,18519,3988288
2/4/2021,40129160,12863,809,13672,10153,3401033,369,53587,289889,45123821,16396,4004684
2/5/2021,40129160,12345,792,13137,9449,3410482,406,53993,229862,45353683,15092,4019776
2/6/2021,40129160,11695,781,12476,6675,3417157,313,54306,114589,45468272,9499,4029275
2/7/2021,40129160,11385,700,12085,5145,3422302,317,54623,127238,45595510,6875,4036150
2/8/2021,40129160,11198,706,11904,9445,3431747,336,54959,317228,45912738,14071,4050221
2/9/2021,40129160,10771,745,11516,7724,3439471,320,55279,299039,46211777,12471,4062692
2/10/2021,40129160,10348,680,11028,7500,3446971,326,55605,268622,46480399,11590,4074282
2/11/2021,40129160,9872,622,10494,6598,3453569,330,55935,250221,46730620,10503,4084785
2/12/2021,40129160,9414,584,9998,6187,3459756,295,56230,184474,46915094,9191,4093976
2/13/2021,40129160,8996,640,9636,4446,3464202,250,56480,92549,47007643,6177,4100153
2/14/2021,40129160,8727,606,9333,3527,3467729,243,56723,84425,47092068,4383,4104536
2/15/2021,40129160,8479,616,9095,5249,3472978,244,56967,212877,47304945,7289,4111825
2/16/2021,40129160,8215,640,8855,5627,3478605,243,57210,285860,47590805,9204,4121029
2/17/2021,40129160,7904,662,8566,5072,3483677,237,57447,248334,47839139,7940,4128969
2/18/2021,40129160,7514,642,8156,4398,3488075,228,57675,230255,48069394,6833,4135802
2/19/2021,40129160,7148,599,7747,4173,3492248,245,57920,181268,48250662,6492,4142294
2/20/2021,40129160,6704,609,7313,3099,3495347,196,58116,89993,48340655,4230,4146524
2/21/2021,40129160,6569,596,7165,2628,3497975,190,58306,110258,48450913,3384,4149908
2/22/2021,40129160,6345,563,6908,4621,3502596,192,58498,268420,48719333,6715,4156623
2/23/2021,40129160,6185,579,6764,4016,3506612,166,58664,252700,48972033,5991,4162614
2/24/2021,40129160,5934,586,6520,3869,3510481,167,58831,238356,49210389,5831,4168445
2/25/2021,40129160,5590,562,6152,3447,3513928,160,58991,213706,49424095,5132,4173577
2/26/2021,40129160,5372,525,5897,3359,3517287,156,59147,170422,49594517,4867,4178444
2/27/2021,40129160,5143,531,5674,2523,3519810,163,59310,84073,49678590,3301,4181745
2/28/2021,40129160,4912,497,5409,2182,3521992,159,59469,105277,49783867,2436,4184181
3/1/2021,40129160,4812,490,5302,3751,3525743,126,59595,270298,50054165,5016,4189197
3/2/2021,40129160,4597,513,5110,3261,3529004,132,59727,243396,50297561,4733,4193930
3/3/2021,40129160,4449,518,4967,3195,3532199,119,59846,224801,50522362,4636,4198566
3/4/2021,40129160,4179,535,4714,2934,3535133,119,59965,205934,50728296,4329,4202895
3/5/2021,40129160,4004,509,4513,2939,3538072,108,60073,161095,50889391,3954,4206849
3/6/2021,40129160,3812,479,4291,2195,3540267,104,60177,76550,50965941,2691,4209540
3/7/2021,40129160,3766,462,4228,1950,3542217,88,60265,104970,51070911,2122,4211662
3/8/2021,40129160,3744,461,4205,3331,3545548,99,60364,262450,51333361,4547,4216209
3/9/2021,40129160,3625,494,4119,2831,3548379,94,60458,239692,51573053,3991,4220200
3/10/2021,40129160,3477,481,3958,2757,3551136,89,60547,217689,51790742,3794,4223994
3/11/2021,40129160,3335,477,3812,2595,3553731,85,60632,197461,51988203,3853,4227847
3/12/2021,40129160,3250,439,3689,2500,3556231,86,60718,158227,52146430,3497,4231344
3/13/2021,40129160,3130,445,3575,1894,3558125,77,60795,76202,52222632,2364,4233708
3/14/2021,40129160,3119,438,3557,1605,3559730,62,60857,90586,52313218,1787,4235495
3/15/2021,40129160,3058,398,3456,2875,3562605,58,60915,260201,52573419,3990,4239485
3/16/2021,40129160,3025,437,3462,2510,3565115,72,60987,243027,52816446,3818,4243303
3/17/2021,40129160,3002,454,3456,2634,3567749,82,61069,224742,53041188,3817,4247120
3/18/2021,40129160,2872,431,3303,2216,3569965,79,61148,193823,53235011,3347,4250467
3/19/2021,40129160,2769,428,3197,2178,3572143,55,61203,160074,53395085,3216,4253683
3/20/2021,40129160,2690,425,3115,1715,3573858,78,61281,75813,53470898,2033,4255716
3/21/2021,40129160,2605,407,3012,1600,3575458,51,61332,93930,53564828,1793,4257509
3/22/2021,40129160,2586,419,3005,2702,3578160,52,61384,264678,53829506,3654,4261163
3/23/2021,40129160,2545,442,2987,2503,3580663,39,61423,235259,54064765,3357,4264520
3/24/2021,40129160,2449,377,2826,2676,3583339,57,61480,221141,54285906,3770,4268290
3/25/2021,40129160,2379,386,2765,2291,3585630,58,61538,192503,54478409,3346,4271636
3/26/2021,40129160,2372,332,2704,2267,3587897,56,61594,153338,54631747,3101,4274737
3/27/2021,40129160,2290,363,2653,1668,3589565,49,61643,74382,54706129,1967,4276704
3/28/2021,40129160,2252,346,2598,1603,3591168,30,61673,92692,54798821,1665,4278369
3/29/2021,40129160,2257,342,2599,2711,3593879,44,61717,260677,55059498,3638,4282007
3/30/2021,40129160,2264,359,2623,2427,3596306,39,61756,229414,55288912,3267,4285274
3/31/2021,40129160,2200,383,2583,2380,3598686,49,61805,190672,55479584,3298,4288572
4/1/2021,40129160,2147,391,2538,2338,3601024,40,61845,181741,55661325,3165,4291737
4/2/2021,40129160,2054,375,2429,2232,3603256,34,61879,147533,55808858,2999,4294736
4/3/2021,40129160,2023,388,2411,1700,3604956,29,61908,72629,55881487,1996,4296732
4/4/2021,40129160,2005,381,2386,1552,3606508,39,61947,91697,55973184,1447,4298179
4/5/2021,40129160,1989,384,2373,2876,3609384,40,61987,271064,56244248,3746,4301925
4/6/2021,40129160,2021,345,2366,2549,3611933,22,62009,242860,56487108,3334,4305259
4/7/2021,40129160,1960,352,2312,2619,3614552,38,62047,228813,56715921,3487,4308746
4/8/2021,40129160,1859,298,2157,2278,3616830,37,62084,202174,56918095,3148,4311894
4/9/2021,40129160,1854,316,2170,2272,3619102,38,62122,165906,57084001,3172,4315066
4/10/2021,40129160,1799,324,2123,1816,3620918,37,62159,79372,57163373,2155,4317221
4/11/2021,40129160,1783,330,2113,1566,3622484,32,62191,110145,57273518,1733,4318954
4/12/2021,40129160,1839,336,2175,2712,3625196,32,62223,302139,57575657,3701,4322655
4/13/2021,40129160,1884,367,2251,2417,3627613,31,62254,265093,57840750,3264,4325919
4/14/2021,40129160,1865,350,2215,2387,3630000,39,62293,248127,58088877,3412,4329331
4/15/2021,40129160,1833,353,2186,2113,3632113,30,62323,225184,58314061,3048,4332379
4/16/2021,40129160,1801,344,2145,2052,3634165,26,62349,180161,58494222,3085,4335464
4/17/2021,40129160,1783,357,2140,1553,3635718,28,62377,83889,58578111,1906,4337370
4/18/2021,40129160,1779,320,2099,1427,3637145,29,62406,108531,58686642,1596,4338966
4/19/2021,40129160,1796,352,2148,2438,3639583,34,62440,300640,58987282,3270,4342236
4/20/2021,40129160,1774,342,2116,2124,3641707,25,62465,267955,59255237,2875,4345111
4/21/2021,40129160,1752,346,2098,1996,3643703,34,62499,243835,59499072,2989,4348100
4/22/2021,40129160,1757,338,2095,1839,3645542,20,62519,220190,59719262,2698,4350798
4/23/2021,40129160,1765,348,2113,1820,3647362,24,62543,174403,59893665,2696,4353494
4/24/2021,40129160,1717,335,2052,1371,3648733,25,62568,81422,59975087,1662,4355156
4/25/2021,40129160,1730,323,2053,1216,3649949,25,62593,105139,60080226,1336,4356492
4/26/2021,40129160,1776,314,2090,2105,3652054,26,62619,298183,60378409,2869,4359361
4/27/2021,40129160,1755,339,2094,1872,3653926,31,62650,261703,60640112,2625,4361986
4/28/2021,40129160,1715,353,2068,1820,3655746,16,62666,235769,60875881,2547,4364533
4/29/2021,40129160,1711,318,2029,1661,3657407,25,62691,208854,61084735,2462,4366995
4/30/2021,40129160,1681,320,2001,1645,3659052,18,62709,152342,61237077,2361,4369356
5/1/2021,40129160,1630,312,1942,1275,3660327,19,62728,72701,61309778,1545,4370901
5/2/2021,40129160,1626,315,1941,1101,3661428,19,62747,101884,61411662,1142,4372043
5/3/2021,40129160,1608,322,1930,1964,3663392,25,62772,286795,61698457,2606,4374649
5/4/2021,40129160,1555,338,1893,1596,3664988,23,62795,253473,61951930,2353,4377002
5/5/2021,40129160,1544,326,1870,1696,3666684,20,62815,232958,62184888,2305,4379307
5/6/2021,40129160,1557,318,1875,1525,3668209,30,62845,203408,62388296,2326,4381633
5/7/2021,40129160,1553,314,1867,1440,3669649,25,62870,149845,62538141,2060,4383693
5/8/2021,40129160,1546,314,1860,1047,3670696,19,62889,69895,62608036,1246,4384939
5/9/2021,40129160,1502,328,1830,939,3671635,24,62913,108234,62716270,973,4385912
5/10/2021,40129160,1531,312,1843,1631,3673266,11,62924,284502,63000772,2268,4388180
5/11/2021,40129160,1534,320,1854,1466,3674732,29,62953,253562,63254334,2208,4390388
5/12/2021,40129160,1502,308,1810,1352,3676084,33,62986,232501,63486835,2086,4392474
5/13/2021,40129160,1453,300,1753,1198,3677282,26,63012,201139,63687974,1814,4394288
5/14/2021,40129160,1428,295,1723,1179,3678461,19,63031,139206,63827180,1764,4396052
5/15/2021,40129160,1402,282,1684,901,3679362,16,63047,65831,63893011,1129,4397181
5/16/2021,40129160,1379,310,1689,813,3680175,15,63062,112192,64005203,979,4398160
5/17/2021,40129160,1402,262,1664,1340,3681515,16,63078,275635,64280838,1923,4400083
5/18/2021,40129160,1387,270,1657,1231,3682746,17,63095,238542,64519380,1848,4401931
5/19/2021,40129160,1394,277,1671,1190,3683936,28,63123,221634,64741014,1697,4403628
5/20/2021,40129160,1326,285,1611,999,3684935,20,63143,194590,64935604,1591,4405219
5/21/2021,40129160,1293,247,1540,949,3685884,17,63160,134005,65069609,1434,4406653
5/22/2021,40129160,1276,280,1556,710,3686594,13,63173,63145,65132754,893,4407546
5/23/2021,40129160,1261,252,1513,661,3687255,22,63195,107461,65240215,780,4408326
5/24/2021,40129160,1222,244,1466,1206,3688461,24,63219,256380,65496595,1645,4409971
5/25/2021,40129160,1210,237,1447,1042,3689503,15,63234,225497,65722092,1553,4411524
5/26/2021,40129160,1175,249,1424,977,3690480,18,63252,198914,65921006,1460,4412984
5/27/2021,40129160,1161,246,1407,918,3691398,19,63271,175399,66096405,1325,4414309
5/28/2021,40129160,1110,247,1357,862,3692260,12,63283,115051,66211456,1243,4415552
5/29/2021,40129160,1088,307,1395,602,3692862,24,63307,57479,66268935,721,4416273
5/30/2021,40129160,1057,271,1328,585,3693447,10,63317,56303,66325238,661,4416934
5/31/2021,40129160,1069,263,1332,594,3694041,15,63332,119339,66444577,578,4417512
6/1/2021,40129160,1060,270,1330,1209,3695250,13,63345,273405,66717982,1711,4419223
6/2/2021,40129160,1081,281,1362,1043,3696293,18,63363,212478,66930460,1415,4420638
6/3/2021,40129160,1062,275,1337,996,3697289,12,63375,191717,67122177,1294,4421932
6/4/2021,40129160,1042,320,1362,851,3698140,14,63389,134451,67256628,1273,4423205
6/5/2021,40129160,1035,274,1309,643,3698783,12,63401,65473,67322101,833,4424038
6/6/2021,40129160,1011,264,1275,610,3699393,13,63414,95780,67417881,699,4424737
6/7/2021,40129160,1015,263,1278,1043,3700436,12,63426,204715,67622596,1516,4426253
6/8/2021,40129160,1030,274,1304,1051,3701487,13,63439,178922,67801518,1352,4427605
6/9/2021,40129160,1001,278,1279,927,3702414,7,63446,168721,67970239,1251,4428856
6/10/2021,40129160,982,281,1263,876,3703290,15,63461,153556,68123795,1201,4430057
6/11/2021,40129160,955,251,1206,853,3704143,11,63472,113828,68237623,1173,4431230
6/12/2021,40129160,915,255,1170,677,3704820,10,63482,63345,68300968,753,4431983
6/13/2021,40129160,939,252,1191,700,3705520,12,63494,74028,68374996,696,4432679
6/14/2021,40129160,977,274,1251,1153,3706673,14,63508,163799,68538795,1456,4434135
6/15/2021,40129160,981,275,1256,1050,3707723,14,63522,150412,68689207,1301,4435436
6/16/2021,40129160,956,276,1232,1061,3708784,10,63532,136198,68825405,1384,4436820
6/17/2021,40129160,951,245,1196,1025,3709809,11,63543,127625,68953030,1373,4438193
6/18/2021,40129160,932,282,1214,931,3710740,11,63554,104594,69057624,1253,4439446
6/19/2021,40129160,916,300,1216,753,3711493,8,63562,60402,69118026,913,4440359
6/20/2021,40129160,929,294,1223,801,3712294,8,63570,71140,69189166,712,4441071
6/21/2021,40129160,949,274,1223,1401,3713695,11,63581,163293,69352459,1656,4442727
6/22/2021,40129160,978,259,1237,1308,3715003,13,63594,149157,69501616,1660,4444387
6/23/2021,40129160,955,271,1226,1234,3716237,7,63601,135175,69636791,1645,4446032
6/24/2021,40129160,959,269,1228,1397,3717634,11,63612,126067,69762858,1794,4447826
6/25/2021,40129160,959,259,1218,1309,3718943,11,63623,103286,69866144,1612,4449438
6/26/2021,40129160,964,263,1227,1076,3720019,17,63640,60383,69926527,1098,4450536
6/27/2021,40129160,980,255,1235,1171,3721190,10,63650,76551,70003078,1030,4451566
6/28/2021,40129160,1050,222,1272,1934,3723124,14,63664,160572,70163650,2321,4453887
6/29/2021,40129160,1089,261,1350,1877,3725001,12,63676,153332,70316982,2254,4456141
6/30/2021,40129160,1090,258,1348,2028,3727029,18,63694,140919,70457901,2446,4458587
7/1/2021,40129160,1071,295,1366,2159,3729188,14,63708,119231,70577132,2532,4461119
7/2/2021,40129160,1115,290,1405,2015,3731203,14,63722,103884,70681016,2366,4463485
7/3/2021,40129160,1097,274,1371,1681,3732884,12,63734,61394,70742410,1619,4465104
7/4/2021,40129160,1122,277,1399,1558,3734442,6,63740,32045,70774455,908,4466012
7/5/2021,40129160,1153,257,1410,2792,3737234,14,63754,106872,70881327,2353,4468365
7/6/2021,40129160,1228,278,1506,3607,3740841,14,63768,180794,71062121,4037,4472402
7/7/2021,40129160,1319,250,1569,3757,3744598,16,63784,149167,71211288,4351,4476753
7/8/2021,40129160,1343,279,1622,3565,3748163,15,63799,139768,71351056,4469,4481222
7/9/2021,40129160,1381,295,1676,3604,3751767,20,63819,114057,71465113,4442,4485664
7/10/2021,40129160,1414,285,1699,3129,3754896,18,63837,61745,71526858,3183,4488847
7/11/2021,40129160,1484,281,1765,3131,3758027,16,63853,72791,71599649,3108,4491955
7/12/2021,40129160,1594,276,1870,5369,3763396,18,63871,166681,71766330,5758,4497713
7/13/2021,40129160,1648,287,1935,5396,3768792,20,63891,158368,71924698,5775,4503488
7/14/2021,40129160,1731,300,2031,5560,3774352,14,63905,154294,72078992,6715,4510203
7/15/2021,40129160,1770,307,2077,5864,3780216,20,63925,152330,72231322,7362,4517565
7/16/2021,40129160,1884,280,2164,5976,3786192,19,63944,132635,72363957,7182,4524747
7/17/2021,40129160,1927,280,2207,4672,3790864,23,63967,73204,72437161,5071,4529818
7/18/2021,40129160,1990,283,2273,4808,3795672,12,63979,87502,72524663,4985,4534803
7/19/2021,40129160,2164,283,2447,8394,3804066,27,64006,198944,72723607,9778,4544581
7/20/2021,40129160,2328,354,2682,8357,3812423,30,64036,196359,72919966,10200,4554781
7/21/2021,40129160,2405,344,2749,8785,3821208,23,64059,184938,73104904,10709,4565490
7/22/2021,40129160,2543,337,2880,8333,3829541,34,64093,184705,73289609,10834,4576324
7/23/2021,40129160,2691,360,3051,8135,3837676,39,64132,157649,73447258,10446,4586770
7/24/2021,40129160,2781,350,3131,6767,3844443,25,64157,86367,73533625,7289,4594059
7/25/2021,40129160,2981,350,3331,6432,3850875,31,64188,100268,73633893,7314,4601373
7/26/2021,40129160,3200,394,3594,11729,3862604,27,64215,222126,73856019,14189,4615562
7/27/2021,40129160,3365,403,3768,11256,3873860,36,64251,220236,74076255,14378,4629940
7/28/2021,40129160,3605,372,3977,11787,3885647,35,64286,217338,74293593,15245,4645185
7/29/2021,40129160,3725,378,4103,11717,3897364,40,64326,222591,74516184,16397,4661582
7/30/2021,40129160,3990,384,4374,11095,3908459,32,64358,195803,74711987,14732,4676314
7/31/2021,40129160,4125,436,4561,8502,3916961,53,64411,107677,74819664,10060,4686374
8/1/2021,40129160,4357,415,4772,8528,3925489,39,64450,137803,74957467,9321,4695695
8/2/2021,40129160,4662,458,5120,14109,3939598,59,64509,275696,75233163,17200,4712895
8/3/2021,40129160,4876,406,5282,14319,3953917,58,64567,301843,75535006,19009,4731904
8/4/2021,40129160,5121,430,5551,14083,3968000,54,64621,292877,75827883,18749,4750653
8/5/2021,40129160,5328,404,5732,13936,3981936,54,64675,303307,76131190,19590,4770243
8/6/2021,40129160,5554,399,5953,12882,3994818,61,64736,243394,76374584,17805,4788048
8/7/2021,40129160,5686,437,6123,9697,4004515,61,64797,126144,76500728,11601,4799649
8/8/2021,40129160,5973,414,6387,8716,4013231,72,64869,199547,76700275,10564,4810213
8/9/2021,40129160,6259,428,6687,16289,4029520,75,64944,345458,77045733,20122,4830335
8/10/2021,40129160,6554,453,7007,16193,4045713,78,65022,369292,77415025,20752,4851087
8/11/2021,40129160,6629,418,7047,15480,4061193,78,65100,358423,77773448,20373,4871460
8/12/2021,40129160,6692,371,7063,14575,4075768,90,65190,340324,78113772,20279,4891739
8/13/2021,40129160,6844,378,7222,13736,4089504,121,65311,277044,78390816,18671,4910410
8/14/2021,40129160,6976,399,7375,9579,4099083,92,65403,139192,78530008,11993,4922403
8/15/2021,40129160,7166,409,7575,8191,4107274,78,65481,217017,78747025,10708,4933111
8/16/2021,40129160,7414,423,7837,16100,4123374,121,65602,405704,79152729,21086,4954197
8/17/2021,40129160,7697,435,8132,15485,4138859,119,65721,434405,79587134,21176,4975373
8/18/2021,40129160,7779,426,8205,15033,4153892,105,65826,429941,80017075,20221,4995594
8/19/2021,40129160,7817,419,8236,13885,4167777,113,65939,409327,80426402,19861,5015455
8/20/2021,40129160,7833,458,8291,13401,4181178,107,66046,282156,80708558,18194,5033649
8/21/2021,40129160,7882,427,8309,8873,4190051,118,66164,144993,80853551,10985,5044634
8/22/2021,40129160,8084,404,8488,7554,4197605,108,66272,240410,81093961,9704,5054338
8/23/2021,40129160,8245,430,8675,15309,4212914,116,66388,441683,81535644,19415,5073753
8/24/2021,40129160,8308,401,8709,14045,4226959,129,66517,470041,82005685,19125,5092878
8/25/2021,40129160,8254,396,8650,13544,4240503,130,66647,471581,82477266,19264,5112142
8/26/2021,40129160,8342,405,8747,12369,4252872,138,66785,440001,82917267,18516,5130658
8/27/2021,40129160,8277,398,8675,11240,4264112,129,66914,290244,83207511,15527,5146185
8/28/2021,40129160,8220,388,8608,7811,4271923,148,67062,142728,83350239,9671,5155856
8/29/2021,40129160,8268,411,8679,6585,4278508,118,67180,255602,83605841,8438,5164294
8/30/2021,40129160,8342,424,8766,13260,4291768,124,67304,478934,84084775,17412,5181706
8/31/2021,40129160,8353,413,8766,12250,4304018,140,67444,499596,84584371,16885,5198591
9/1/2021,40129160,8325,375,8700,12934,4316952,133,67577,484109,85068480,16428,5215019
9/2/2021,40129160,8221,409,8630,10993,4327945,156,67733,355074,85423554,14739,5229758
9/3/2021,40129160,8070,384,8454,9964,4337909,147,67880,274632,85698186,13151,5242909
9/4/2021,40129160,7764,368,8132,6801,4344710,118,67998,133291,85831477,7978,5250887
9/5/2021,40129160,7736,384,8120,5371,4350081,151,68149,112368,85943845,6029,5256916
9/6/2021,40129160,7705,419,8124,6659,4356740,141,68290,182779,86126624,6978,5263894
9/7/2021,40129160,7649,376,8025,12402,4369142,135,68425,568693,86695317,17855,5281749
9/8/2021,40129160,7511,375,7886,11299,4380441,137,68562,521198,87216515,15345,5297094
9/9/2021,40129160,7360,358,7718,10168,4390609,143,68705,454044,87670559,13987,5311081
9/10/2021,40129160,7103,360,7463,9302,4399911,153,68858,296540,87967099,12499,5323580
9/11/2021,40129160,6875,372,7247,6246,4406157,129,68987,140454,88107553,7443,5331023
9/12/2021,40129160,6844,410,7254,5375,4411532,120,69107,257584,88365137,6625,5337648
9/13/2021,40129160,6810,413,7223,10423,4421955,143,69250,475418,88840555,13860,5351508
9/14/2021,40129160,6655,401,7056,9475,4431430,119,69369,509684,89350239,12810,5364318
9/15/2021,40129160,6553,422,6975,8849,4440279,131,69500,361619,89711858,11879,5376197
9/16/2021,40129160,6415,385,6800,7869,4448148,131,69631,420271,90132129,11245,5387442
9/17/2021,40129160,6255,359,6614,7314,4455462,130,69761,274371,90406500,10028,5397470
9/18/2021,40129160,6024,374,6398,4909,4460371,131,69892,131298,90537798,5764,5403234
9/19/2021,40129160,6004,394,6398,4140,4464511,99,69991,240544,90778342,5441,5408675
9/20/2021,40129160,6031,404,6435,8855,4473366,123,70114,452850,91231192,11930,5420605
9/21/2021,40129160,5986,386,6372,7542,4480908,102,70216,475413,91706605,10532,5431137
9/22/2021,40129160,5840,356,6196,7391,4488299,133,70349,457039,92163644,9919,5441056
9/23/2021,40129160,5782,352,6134,6476,4494775,128,70477,412888,92576532,8994,5450050
9/24/2021,40129160,5597,372,5969,6175,4500950,114,70591,254497,92831029,8438,5458488
9/25/2021,40129160,5440,369,5809,4243,4505193,126,70717,113858,92944887,4945,5463433
9/26/2021,40129160,5364,346,5710,3760,4508953,101,70818,229397,93174284,4528,5467961
9/27/2021,40129160,5280,475,5755,7644,4516597,104,70922,443343,93617627,10313,5478274
9/28/2021,40129160,5180,369,5549,6779,4523376,107,71029,463264,94080891,9218,5487492
9/29/2021,40129160,5015,351,5366,6213,4529589,110,71139,443428,94524319,8395,5495887
9/30/2021,40129160,4880,343,5223,5806,4535395,92,71231,388248,94912567,7854,5503741
10/1/2021,40129160,4705,300,5005,5770,4541165,98,71329,235660,95148227,7210,5510951
10/2/2021,40129160,4580,287,4867,3695,4544860,123,71452,102571,95250798,4190,5515141
10/3/2021,40129160,4507,283,4790,3420,4548280,87,71539,225377,95476175,4041,5519182
10/4/2021,40129160,4467,296,4763,6783,4555063,86,71625,426141,95902316,8624,5527806
10/5/2021,40129160,4385,342,4727,6251,4561314,107,71732,435574,96337890,8111,5535917
10/6/2021,40129160,4314,291,4605,6011,4567325,114,71846,412923,96750813,7748,5543665
10/7/2021,40129160,4116,319,4435,5309,4572634,101,71947,374103,97124916,7135,5550800
10/8/2021,40129160,4029,346,4375,5164,4577798,85,72032,230847,97355763,6909,5557709
10/9/2021,40129160,4001,398,4399,3514,4581312,77,72109,97644,97453407,3856,5561565
10/10/2021,40129160,3942,314,4256,3307,4584619,82,72191,218845,97672252,3665,5565230
10/11/2021,40129160,3958,296,4254,5835,4590454,74,72265,397124,98069376,7310,5572540
10/12/2021,40129160,3910,300,4210,5816,4596270,72,72337,437539,98506915,7900,5580440
10/13/2021,40129160,3766,289,4055,5640,4601910,68,72405,418195,98925110,7286,5587726
10/14/2021,40129160,3675,291,3966,5312,4607222,72,72477,385167,99310277,7054,5594780
10/15/2021,40129160,3679,323,4002,5319,4612541,68,72545,228523,99538800,6777,5601557
10/16/2021,40129160,3673,333,4006,3651,4616192,79,72624,97769,99636569,3827,5605384
10/17/2021,40129160,3669,329,3998,3598,4619790,77,72701,218694,99855263,3791,5609175
10/18/2021,40129160,3693,338,4031,7071,4626861,71,72772,424943,100280206,8752,5617927
10/19/2021,40129160,3682,346,4028,6378,4633239,70,72842,445630,100725836,8111,5626038
10/20/2021,40129160,3637,350,3987,6260,4639499,69,72911,425182,101151018,7844,5633882
10/21/2021,40129160,3659,329,3988,5944,4645443,109,73020,377034,101528052,7897,5641779
10/22/2021,40129160,3683,337,4020,5983,4651426,82,73102,228814,101756866,7336,5649115
10/23/2021,40129160,3624,299,3923,4089,4655515,73,73175,97562,101854428,4354,5653469
10/24/2021,40129160,3673,308,3981,3595,4659110,68,73243,195528,102049956,4062,5657531
10/25/2021,40129160,3791,326,4117,7227,4666337,67,73310,411117,102461073,9275,5666806
10/26/2021,40129160,3827,345,4172,6793,4673130,71,73381,435584,102896657,8854,5675660
10/27/2021,40129160,3817,340,4157,6587,4679717,69,73450,420774,103317431,8540,5684200
10/28/2021,40129160,3816,340,4156,6067,4685784,77,73527,359383,103676814,7996,5692196
10/29/2021,40129160,3866,350,4216,5638,4691422,73,73600,222514,103899328,7561,5699757
10/30/2021,40129160,3802,384,4186,3969,4695391,81,73681,94502,103993830,4431,5704188
10/31/2021,40129160,3846,345,4191,3514,4698905,67,73748,210458,104204288,3986,5708174
11/1/2021,40129160,3865,392,4257,7421,4706326,79,73827,407326,104611614,9006,5717180
11/2/2021,40129160,3889,379,4268,6548,4712874,75,73902,446440,105058054,8601,5725781
11/3/2021,40129160,3914,343,4257,6421,4719295,75,73977,430784,105488838,8133,5733914
11/4/2021,40129160,3888,331,4219,6035,4725330,69,74046,386303,105875141,8113,5742027
11/5/2021,40129160,3854,351,4205,5553,4730883,73,74119,235921,106111062,7418,5749445
11/6/2021,40129160,3793,333,4126,3685,4734568,80,74199,100101,106211163,4313,5753758
11/7/2021,40129160,3716,335,4051,3478,4738046,92,74291,245005,106456168,4153,5757911
11/8/2021,40129160,3707,306,4013,6670,4744716,76,74367,443819,106899987,8666,5766577
11/9/2021,40129160,3683,323,4006,5887,4750603,90,74457,462187,107362174,7925,5774502
11/10/2021,40129160,3665,334,3999,5644,4756247,72,74529,319783,107681957,7171,5781673
11/11/2021,40129160,3585,323,3908,4330,4760577,86,74615,303650,107985607,5615,5787288
11/12/2021,40129160,3524,330,3854,5106,4765683,77,74692,229899,108215506,6812,5794100
11/13/2021,40129160,3464,319,3783,3472,4769155,68,74760,95208,108310714,4029,5798129
11/14/2021,40129160,3472,280,3752,3258,4772413,77,74837,230194,108540908,3839,5801968
11/15/2021,40129160,3480,288,3768,6435,4778848,84,74921,422968,108963876,8337,5810305
11/16/2021,40129160,3451,301,3752,5423,4784271,63,74984,443018,109406894,7272,5817577
11/17/2021,40129160,3409,290,3699,5185,4789456,84,75068,410275,109817169,6916,5824493
11/18/2021,40129160,3313,283,3596,4703,4794159,71,75139,357374,110174543,6273,5830766
11/19/2021,40129160,3268,273,3541,4640,4798799,85,75224,216350,110390893,6021,5836787
11/20/2021,40129160,3214,281,3495,3305,4802104,66,75290,97176,110488069,3862,5840649
11/21/2021,40129160,3174,291,3465,2980,4805084,78,75368,129878,110617947,3499,5844148
11/22/2021,40129160,3178,310,3488,5268,4810352,76,75444,286809,110904756,7124,5851272
11/23/2021,40129160,3109,291,3400,4866,4815218,80,75524,239326,111144082,6604,5857876
11/24/2021,40129160,3126,313,3439,4685,4819903,64,75588,168774,111312856,5691,5863567
11/25/2021,40129160,3060,325,3385,2324,4822227,59,75647,42672,111355528,1518,5865085
11/26/2021,40129160,3066,308,3374,4377,4826604,64,75711,122568,111478096,4912,5869997
11/27/2021,40129160,3100,330,3430,4269,4830873,57,75768,106657,111584753,4660,5874657
11/28/2021,40129160,3124,330,3454,4468,4835341,53,75821,263666,111848419,4720,5879377
11/29/2021,40129160,3229,311,3540,8373,4843714,77,75898,488417,112336836,10314,5889691
11/30/2021,40129160,3189,330,3519,7184,4850898,63,75961,463336,112800172,8973,5898664
12/1/2021,40129160,3187,343,3530,7585,4858483,70,76031,425794,113225966,8933,5907597
12/2/2021,40129160,3203,318,3521,6393,4864876,70,76101,388186,113614152,8240,5915837
12/3/2021,40129160,3220,333,3553,6231,4871107,68,76169,240726,113854878,7539,5923376
12/4/2021,40129160,3147,331,3478,4216,4875323,76,76245,112189,113967067,4603,5927979
12/5/2021,40129160,3214,328,3542,3926,4879249,65,76310,241473,114208540,4746,5932725
12/6/2021,40129160,3277,356,3633,7507,4886756,52,76362,444150,114652690,9324,5942049
12/7/2021,40129160,3356,359,3715,6632,4893388,72,76434,454979,115107669,8547,5950596
12/8/2021,40129160,3401,362,3763,6582,4899970,59,76493,418875,115526544,8174,5958770
12/9/2021,40129160,3345,306,3651,5861,4905831,65,76558,379680,115906224,7830,5966600
12/10/2021,40129160,3491,328,3819,5857,4911688,57,76615,234968,116141192,7480,5974080
12/11/2021,40129160,3445,355,3800,4247,4915935,64,76679,109326,116250518,4648,5978728
12/12/2021,40129160,3465,339,3804,4431,4920366,59,76738,243745,116494263,4751,5983479
12/13/2021,40129160,3583,347,3930,9016,4929382,69,76807,410659,116904922,9489,5992968
12/14/2021,40129160,3613,339,3952,8459,4937841,70,76877,429588,117334510,9764,6002732
12/15/2021,40129160,3614,357,3971,10253,4948094,72,76949,417732,117752242,12444,6015176
12/16/2021,40129160,3590,324,3914,10340,4958434,82,77031,377904,118130146,12706,6027882
12/17/2021,40129160,3589,326,3915,11204,4969638,68,77099,251540,118381686,12870,6040752
12/18/2021,40129160,3557,317,3874,9820,4979458,65,77164,137182,118518868,9641,6050393
12/19/2021,40129160,3523,331,3854,10883,4990341,76,77240,165995,118684863,11536,6061929
12/20/2021,40129160,3517,335,3852,23377,5013718,70,77310,354482,119039345,25547,6087476
12/21/2021,40129160,3589,373,3962,27400,5041118,68,77378,374371,119413716,32841,6120317
12/22/2021,40129160,3622,383,4005,31984,5073102,61,77439,371566,119785282,38047,6158364
12/23/2021,40129160,3683,378,4061,32714,5105816,75,77514,331060,120116342,38546,6196910
12/24/2021,40129160,3621,367,3988,22458,5128274,72,77586,138784,120255126,18044,6214954
12/25/2021,40129160,3781,397,4178,15070,5143344,69,77655,66477,120321603,10071,6225025
12/26/2021,40129160,4001,400,4401,36283,5179627,64,77719,237174,120558777,42473,6267498
12/27/2021,40129160,4378,369,4747,76207,5255834,87,77806,482886,121041663,89628,6357126
12/28/2021,40129160,4759,439,5198,89563,5345397,59,77865,515103,121556766,104917,6462043
12/29/2021,40129160,5125,410,5535,88894,5434291,81,77946,507959,122064725,107771,6569814
12/30/2021,40129160,5498,409,5907,86236,5520527,70,78016,482798,122547523,103001,6672815
12/31/2021,40129160,5882,461,6343,54816,5575343,87,78103,246535,122794058,53978,6726793
1/1/2022,40129160,6237,472,6709,33163,5608506,97,78200,133122,122927180,31254,6758047
1/2/2022,40129160,6789,525,7314,56997,5665503,85,78285,349860,123277040,78651,6836698
1/3/2022,40129160,7405,509,7914,140488,5805991,114,78399,800181,124077221,173525,7010223
1/4/2022,40129160,8032,590,8622,157362,5963353,108,78507,851534,124928755,190895,7201118
1/5/2022,40129160,8671,568,9239,155536,6118889,141,78648,819468,125748223,187511,7388629
1/6/2022,40129160,9279,578,9857,143900,6262789,134,78782,805712,126553935,175986,7564615
1/7/2022,40129160,10120,584,10704,135256,6398045,130,78912,709002,127262937,154644,7719259
1/8/2022,40129160,10574,548,11122,77211,6475256,150,79062,335866,127598803,83064,7802323
1/9/2022,40129160,11048,536,11584,56291,6531547,127,79189,346345,127945148,85052,7887375
1/10/2022,40129160,11815,532,12347,141946,6673493,157,79346,833506,128778654,177780,8065155
1/11/2022,40129160,12317,578,12895,135419,6808912,176,79522,833835,129612489,171751,8236906
1/12/2022,40129160,12927,594,13521,126933,6935845,200,79722,795324,130407813,161443,8398349
1/13/2022,40129160,13349,527,13876,114712,7050557,195,79917,764662,131172475,150806,8549155
1/14/2022,40129160,13776,548,14324,104443,7155000,194,80111,626986,131799461,124600,8673755
1/15/2022,40129160,13927,578,14505,58605,7213605,221,80332,260914,132060375,65883,8739638
1/16/2022,40129160,14209,597,14806,40414,7254019,228,80560,247740,132308115,56339,8795977
1/17/2022,40129160,14654,597,15251,81648,7335667,220,80780,527487,132835602,118937,8914914
1/18/2022,40129160,15179,647,15826,119810,7455477,240,81020,854010,133689612,154499,9069413
1/19/2022,40129160,15393,575,15968,101152,7556629,262,81282,728188,134417800,129783,9199196
1/20/2022,40129160,15383,567,15950,89998,7646627,249,81531,687234,135105034,118282,9317478
1/21/2022,40129160,15435,571,16006,77287,7723914,269,81800,552060,135657094,95403,9412881
1/22/2022,40129160,15184,595,15779,39883,7763797,257,82057,220014,135877108,49995,9462876
1/23/2022,40129160,15204,540,15744,28359,7792156,273,82330,256614,136133722,48158,9511034
1/24/2022,40129160,15248,535,15783,70675,7862831,227,82557,682982,136816704,97764,9608798
1/25/2022,40129160,15279,550,15829,60099,7922930,265,82822,621098,137437802,85151,9693949
1/26/2022,40129160,15015,588,15603,52011,7974941,258,83080,580849,138018651,73448,9767397
1/27/2022,40129160,14674,502,15176,44344,8019285,275,83355,542129,138560780,65563,9832960
1/28/2022,40129160,14404,522,14926,38790,8058075,264,83619,445904,139006684,54439,9887399
1/29/2022,40129160,13834,496,14330,20855,8078930,289,83908,159603,139166287,28839,9916238
1/30/2022,40129160,13435,460,13895,15488,8094418,284,84192,206960,139373247,27046,9943284
1/31/2022,40129160,13367,452,13819,38527,8132945,275,84467,596961,139970208,56769,10000053
2/1/2022,40129160,12995,452,13447,32647,8165592,292,84759,518399,140488607,46567,10046620
2/2/2022,40129160,12643,438,13081,27291,8192883,272,85031,493473,140982080,40110,10086730
2/3/2022,40129160,12134,418,12552,23852,8216735,243,85274,476582,141458662,35977,10122707
2/4/2022,40129160,11524,417,11941,21637,8238372,282,85556,372933,141831595,30994,10153701
2/5/2022,40129160,10929,450,11379,11667,8250039,244,85800,121608,141953203,16806,10170507
2/6/2022,40129160,10595,432,11027,9818,8259857,218,86018,169969,142123172,15917,10186424
2/7/2022,40129160,10412,424,10836,22316,8282173,231,86249,532903,142656075,33320,10219744
2/8/2022,40129160,10009,380,10389,17878,8300051,252,86501,465090,143121165,26569,10246313
2/9/2022,40129160,9707,421,10128,16151,8316202,235,86736,441936,143563101,23558,10269871
2/10/2022,40129160,9241,448,9689,14036,8330238,201,86937,420397,143983498,20425,10290296
2/11/2022,40129160,8756,532,9288,12618,8342856,211,87148,312251,144295749,17645,10307941
2/12/2022,40129160,8388,446,8834,7011,8349867,184,87332,100372,144396121,9931,10317872
2/13/2022,40129160,8189,406,8595,5506,8355373,183,87515,142788,144538909,9134,10327006
2/14/2022,40129160,7971,421,8392,12569,8367942,174,87689,452093,144991002,18264,10345270
2/15/2022,40129160,7645,417,8062,10654,8378596,149,87838,427712,145418714,14968,10360238
2/16/2022,40129160,7271,406,7677,9281,8387877,157,87995,404994,145823708,13603,10373841
2/17/2022,40129160,6896,400,7296,8025,8395902,176,88171,384447,146208155,11690,10385531
2/18/2022,40129160,6495,449,6944,6997,8402899,147,88318,270733,146478888,10046,10395577
2/19/2022,40129160,6066,469,6535,4185,8407084,111,88429,82657,146561545,5721,10401298
2/20/2022,40129160,5821,441,6262,3595,8410679,145,88574,94623,146656168,5306,10406604
2/21/2022,40129160,5655,408,6063,5285,8415964,128,88702,218351,146874519,8138,10414742
2/22/2022,40129160,5487,432,5919,7034,8422998,121,88823,466465,147340984,10732,10425474
2/23/2022,40129160,5219,416,5635,5533,8428531,121,88944,379838,147720822,8248,10433722
2/24/2022,40129160,4914,362,5276,5098,8433629,89,89033,365711,148086533,7389,10441111
2/25/2022,40129160,4741,347,5088,4731,8438360,110,89143,281150,148367683,6593,10447704
2/26/2022,40129160,4419,305,4724,2661,8441021,90,89233,80156,148447839,3664,10451368
2/27/2022,40129160,4233,312,4545,2386,8443407,81,89314,124039,148571878,3651,10455019
2/28/2022,40129160,4129,321,4450,5168,8448575,88,89402,400431,148972309,7488,10462507
3/1/2022,40129160,3989,357,4346,4626,8453201,90,89492,361280,149333589,6251,10468758
3/2/2022,40129160,3824,326,4150,3918,8457119,69,89561,337489,149671078,5568,10474326
3/3/2022,40129160,3622,312,3934,3538,8460657,87,89648,325622,149996700,5093,10479419
3/4/2022,40129160,3419,331,3750,3098,8463755,61,89709,254258,150250958,4442,10483861
3/5/2022,40129160,3237,302,3539,2107,8465862,68,89777,71077,150322035,2529,10486390
3/6/2022,40129160,3139,294,3433,1815,8467677,64,89841,110920,150432955,2736,10489126
3/7/2022,40129160,3016,296,3312,3843,8471520,63,89904,374145,150807100,5527,10494653
3/8/2022,40129160,2872,291,3163,3289,8474809,62,89966,343027,151150127,4502,10499155
3/9/2022,40129160,2797,266,3063,3016,8477825,61,90027,326721,151476848,4244,10503399
3/10/2022,40129160,2638,257,2895,2606,8480431,64,90091,303963,151780811,3791,10507190
3/11/2022,40129160,2497,293,2790,2342,8482773,54,90145,239803,152020614,3326,10510516
3/12/2022,40129160,2362,266,2628,1527,8484300,43,90188,68557,152089171,2020,10512536
3/13/2022,40129160,2299,264,2563,1294,8485594,42,90230,103431,152192602,1894,10514430
3/14/2022,40129160,2263,259,2522,2901,8488495,36,90266,356332,152548934,3992,10518422
3/15/2022,40129160,2227,295,2522,2620,8491115,37,90303,333658,152882592,3618,10522040
3/16/2022,40129160,2147,278,2425,2469,8493584,34,90337,311947,153194539,3475,10525515
3/17/2022,40129160,2057,293,2350,2301,8495885,45,90382,289022,153483561,3180,10528695
3/18/2022,40129160,1960,302,2262,1990,8497875,35,90417,235728,153719289,2607,10531302
3/19/2022,40129160,1900,261,2161,1257,8499132,24,90441,63300,153782589,1581,10532883
3/20/2022,40129160,1833,246,2079,1307,8500439,39,90480,97724,153880313,1769,10534652
3/21/2022,40129160,1850,246,2096,2687,8503126,39,90519,326538,154206851,3603,10538255
3/22/2022,40129160,1774,284,2058,3016,8506142,27,90546,291517,154498368,3821,10542076
3/23/2022,40129160,1699,269,1968,2253,8508395,24,90570,282018,154780386,3143,10545219
3/24/2022,40129160,1648,284,1932,2296,8510691,20,90590,274932,155055318,3065,10548284
3/25/2022,40129160,1628,305,1933,2004,8512695,36,90626,220096,155275414,2604,10550888
3/26/2022,40129160,1512,269,1781,1444,8514139,27,90653,62171,155337585,1744,10552632
3/27/2022,40129160,1470,241,1711,1564,8515703,24,90677,88638,155426223,1959,10554591
3/28/2022,40129160,1414,259,1673,2887,8518590,25,90702,253521,155679744,3809,10558400
3/29/2022,40129160,1391,244,1635,2698,8521288,23,90725,315980,155995724,3499,10561899
3/30/2022,40129160,1352,257,1609,2642,8523930,23,90748,289356,156285080,3429,10565328
3/31/2022,40129160,1270,273,1543,2435,8526365,24,90772,253947,156539027,3173,10568501
4/1/2022,40129160,1209,280,1489,2620,8528985,18,90790,230447,156769474,3033,10571534
4/2/2022,40129160,1165,291,1456,1720,8530705,20,90810,57513,156826987,1893,10573427
4/3/2022,40129160,1130,291,1421,1777,8532482,17,90827,83948,156910935,2290,10575717
4/4/2022,40129160,1154,244,1398,3788,8536270,20,90847,299318,157210253,4584,10580301
4/5/2022,40129160,1138,282,1420,3352,8539622,25,90872,262486,157472739,4006,10584307
4/6/2022,40129160,1126,292,1418,3393,8543015,24,90896,260284,157733023,4109,10588416
4/7/2022,40129160,1098,288,1386,3070,8546085,19,90915,252319,157985342,3790,10592206
4/8/2022,40129160,1064,297,1361,2960,8549045,17,90932,211083,158196425,3518,10595724
4/9/2022,40129160,1045,302,1347,2067,8551112,9,90941,57348,158253773,2183,10597907
4/10/2022,40129160,1013,323,1336,2233,8553345,10,90951,76323,158330096,2483,10600390
4/11/2022,40129160,1053,299,1352,4454,8557799,21,90972,229452,158559548,5014,10605404
4/12/2022,40129160,1040,322,1362,4093,8561892,13,90985,202992,158762540,4639,10610043
4/13/2022,40129160,1031,275,1306,4000,8565892,16,91001,189281,158951821,4879,10614922
4/14/2022,40129160,1000,271,1271,3749,8569641,17,91018,166707,159118528,4468,10619390
4/15/2022,40129160,995,279,1274,3649,8573290,22,91040,133174,159251702,4348,10623738
4/16/2022,40129160,949,291,1240,2698,8575988,14,91054,56558,159308260,2856,10626594
4/17/2022,40129160,963,271,1234,2401,8578389,16,91070,68256,159376516,2501,10629095
4/18/2022,40129160,964,296,1260,6286,8584675,15,91085,332148,159708664,7420,10636515
4/19/2022,40129160,972,297,1269,5873,8590548,10,91095,294831,160003495,6686,10643201
4/20/2022,40129160,970,301,1271,5652,8596200,15,91110,292926,160296421,6664,10649865
4/21/2022,40129160,966,295,1261,5500,8601700,10,91120,281878,160578299,6519,10656384
4/22/2022,40129160,969,284,1253,5139,8606839,12,91132,242692,160820991,6047,10662431
4/23/2022,40129160,966,291,1257,3614,8610453,12,91144,60517,160881508,3906,10666337
4/24/2022,40129160,967,287,1254,3648,8614101,17,91161,87089,160968597,4368,10670705
4/25/2022,40129160,950,274,1224,7847,8621948,17,91178,371849,161340446,9291,10679996
4/26/2022,40129160,1008,313,1321,7537,8629485,9,91187,324976,161665422,8717,10688713
4/27/2022,40129160,1012,320,1332,7455,8636940,14,91201,320707,161986129,9010,10697723
4/28/2022,40129160,1025,345,1370,7006,8643946,10,91211,300510,162286639,8316,10706039
4/29/2022,40129160,1035,295,1330,6526,8650472,15,91226,249670,162536309,7497,10713536
4/30/2022,40129160,1037,286,1323,4798,8655270,15,91241,63320,162599629,5235,10718771
5/1/2022,40129160,1052,294,1346,5235,8660505,10,91251,86556,162686185,5658,10724429
5/2/2022,40129160,1093,257,1350,10399,8670904,12,91263,363729,163049914,12065,10736494
5/3/2022,40129160,1109,268,1377,9943,8680847,11,91274,333583,163383497,11594,10748088
5/4/2022,40129160,1083,245,1328,9806,8690653,13,91287,331078,163714575,11574,10759662
5/5/2022,40129160,1123,256,1379,9398,8700051,6,91293,314930,164029505,10947,10770609
5/6/2022,40129160,1151,274,1425,8929,8708980,13,91306,265750,164295255,10254,10780863
5/7/2022,40129160,1185,259,1444,6311,8715291,10,91316,68369,164363624,6578,10787441
5/8/2022,40129160,1190,263,1453,6095,8721386,18,91334,89211,164452835,6966,10794407
5/9/2022,40129160,1203,256,1459,12881,8734267,12,91346,381589,164834424,15210,10809617
5/10/2022,40129160,1246,251,1497,12013,8746280,22,91368,341019,165175443,14390,10824007
5/11/2022,40129160,1273,274,1547,11952,8758232,12,91380,344917,165520360,14532,10838539
5/12/2022,40129160,1339,274,1613,11543,8769775,12,91392,324605,165844965,13936,10852475
5/13/2022,40129160,1390,288,1678,11476,8781251,21,91413,279809,166124774,12939,10865414
5/14/2022,40129160,1378,283,1661,8047,8789298,17,91430,72389,166197163,8265,10873679
5/15/2022,40129160,1409,297,1706,7962,8797260,26,91456,97065,166294228,9320,10882999
5/16/2022,40129160,1527,297,1824,17384,8814644,11,91467,389259,166683487,20397,10903396
5/17/2022,40129160,1615,370,1985,16244,8830888,15,91482,349991,167033478,19004,10922400
5/18/2022,40129160,1642,292,1934,15818,8846706,18,91500,347892,167381370,19055,10941455
5/19/2022,40129160,1712,314,2026,14638,8861344,17,91517,329770,167711140,17969,10959424
5/20/2022,40129160,1780,311,2091,13986,8875330,18,91535,281803,167992943,16424,10975848
5/21/2022,40129160,1789,302,2091,9040,8884370,21,91556,75995,168068938,9949,10985797
5/22/2022,40129160,1801,346,2147,8744,8893114,15,91571,103684,168172622,11233,10997030
5/23/2022,40129160,1931,326,2257,19476,8912590,13,91584,392780,168565402,23208,11020238
5/24/2022,40129160,1961,334,2295,18162,8930752,27,91611,354469,168919871,21716,11041954
5/25/2022,40129160,1967,350,2317,17184,8947936,21,91632,341899,169261770,21095,11063049
5/26/2022,40129160,2056,316,2372,15539,8963475,13,91645,317390,169579160,19469,11082518
5/27/2022,40129160,2111,297,2408,14194,8977669,19,91664,252209,169831369,16989,11099507
5/28/2022,40129160,2101,322,2423,8920,8986589,23,91687,69557,169900926,9888,11109395
5/29/2022,40129160,2164,348,2512,7907,8994496,28,91715,65466,169966392,8782,11118177
5/30/2022,40129160,2190,343,2533,8726,9003222,22,91737,119083,170085475,10644,11128821
5/31/2022,40129160,2281,344,2625,23917,9027139,14,91751,444852,170530327,29314,11158135
6/1/2022,40129160,2329,317,2646,20734,9047873,20,91771,360564,170890891,23998,11182133
6/2/2022,40129160,2415,331,2746,18103,9065976,22,91793,331855,171222746,22318,11204451
6/3/2022,40129160,2413,340,2753,16435,9082411,20,91813,282457,171505203,20247,11224698
6/4/2022,40129160,2446,353,2799,10650,9093061,19,91832,80168,171585371,11823,11236521
6/5/2022,40129160,2461,357,2818,9724,9102785,19,91851,94370,171679741,11402,11247923
6/6/2022,40129160,2581,328,2909,21110,9123895,25,91876,339845,172019586,26018,11273941
6/7/2022,40129160,2601,374,2975,18889,9142784,21,91897,306190,172325776,23034,11296975
6/8/2022,40129160,2659,377,3036,17735,9160519,22,91919,285500,172611276,22350,11319325
6/9/2022,40129160,2687,407,3094,15871,9176390,29,91948,243852,172855128,20053,11339378
6/10/2022,40129160,2614,372,2986,15401,9191791,31,91979,197296,173052424,19335,11358713
6/11/2022,40129160,2623,353,2976,9922,9201713,29,92008,75159,173127583,11079,11369792
6/12/2022,40129160,2716,362,3078,8945,9210658,28,92036,87981,173215564,10429,11380221
6/13/2022,40129160,2762,355,3117,18580,9229238,19,92055,217926,173433490,22853,11403074
6/14/2022,40129160,2796,335,3131,16953,9246191,23,92078,204460,173637950,20917,11423991
6/15/2022,40129160,2808,358,3166,16396,9262587,27,92105,181630,173819580,20115,11444106
6/16/2022,40129160,2741,354,3095,15338,9277925,35,92140,171944,173991524,18931,11463037
6/17/2022,40129160,2762,345,3107,14872,9292797,37,92177,143835,174135359,18510,11481547
6/18/2022,40129160,2746,316,3062,10353,9303150,31,92208,71072,174206431,11407,11492954
6/19/2022,40129160,2781,322,3103,9366,9312516,30,92238,78970,174285401,10985,11503939
6/20/2022,40129160,2862,347,3209,18299,9330815,28,92266,185755,174471156,22388,11526327
6/21/2022,40129160,2905,360,3265,19461,9350276,30,92296,207588,174678744,23713,11550040
6/22/2022,40129160,2993,368,3361,17850,9368126,39,92335,178204,174856948,21768,11571808
6/23/2022,40129160,3126,333,3459,17183,9385309,37,92372,168381,175025329,21272,11593080
6/24/2022,40129160,3169,365,3534,16367,9401676,34,92406,139450,175164779,20052,11613132
6/25/2022,40129160,3177,353,3530,11623,9413299,21,92427,70770,175235549,12958,11626090
6/26/2022,40129160,3231,376,3607,10833,9424132,31,92458,84346,175319895,12706,11638796
6/27/2022,40129160,3345,369,3714,22615,9446747,29,92487,205321,175525216,28005,11666801
6/28/2022,40129160,3411,360,3771,21085,9467832,30,92517,189194,175714410,25460,11692261
6/29/2022,40129160,3519,369,3888,19895,9487727,32,92549,172676,175887086,24638,11716899
6/30/2022,40129160,3467,398,3865,18229,9505956,35,92584,162962,176050048,23094,11739993
7/1/2022,40129160,3474,407,3881,18006,9523962,37,92621,126638,176176686,21273,11761266
7/2/2022,40129160,3475,398,3873,11495,9535457,49,92670,64056,176240742,12720,11773986
7/3/2022,40129160,3496,387,3883,9893,9545350,45,92715,55733,176296475,10619,11784605
7/4/2022,40129160,3560,352,3912,10068,9555418,43,92758,85948,176382423,10884,11795489
7/5/2022,40129160,3749,348,4097,27307,9582725,33,92791,228968,176611391,33590,11829079
7/6/2022,40129160,3865,423,4288,23120,9605845,44,92835,186519,176797910,28234,11857313
7/7/2022,40129160,4009,388,4397,21234,9627079,36,92871,168033,176965943,26334,11883647
7/8/2022,40129160,4024,426,4450,20242,9647321,57,92928,143149,177109092,24328,11907975
7/9/2022,40129160,4095,406,4501,13507,9660828,48,92976,71260,177180352,14922,11922897
7/10/2022,40129160,4126,406,4532,11685,9672513,41,93017,83530,177263882,14533,11937430
7/11/2022,40129160,4277,392,4669,24569,9697082,39,93056,201552,177465434,30882,11968312
7/12/2022,40129160,4377,427,4804,22545,9719627,50,93106,186000,177651434,27588,11995900
7/13/2022,40129160,4397,385,4782,21272,9740899,35,93141,171011,177822445,26164,12022064
7/14/2022,40129160,4432,381,4813,19992,9760891,37,93178,158975,177981420,24392,12046456
7/15/2022,40129160,4489,404,4893,18871,9779762,41,93219,135180,178116600,23483,12069939
7/16/2022,40129160,4490,396,4886,12928,9792690,40,93259,69462,178186062,14554,12084493
7/17/2022,40129160,4528,378,4906,11076,9803766,49,93308,85273,178271335,14295,12098788
7/18/2022,40129160,4676,382,5058,23523,9827289,44,93352,198475,178469810,29838,12128626
7/19/2022,40129160,4790,391,5181,21220,9848509,54,93406,182369,178652179,25445,12154071
7/20/2022,40129160,4762,416,5178,19481,9867990,64,93470,165140,178817319,24193,12178264
7/21/2022,40129160,4711,362,5073,17755,9885745,44,93514,151181,178968500,22278,12200542
7/22/2022,40129160,4626,350,4976,17174,9902919,49,93563,128917,179097417,21425,12221967
7/23/2022,40129160,4635,376,5011,11369,9914288,36,93599,65090,179162507,12900,12234867
7/24/2022,40129160,4642,356,4998,9905,9924193,48,93647,77463,179239970,12632,12247499
7/25/2022,40129160,4826,308,5134,21351,9945544,69,93716,184893,179424863,27172,12274671
7/26/2022,40129160,4843,338,5181,18672,9964216,56,93772,170037,179594900,22772,12297443
7/27/2022,40129160,4749,365,5114,16756,9980972,57,93829,155541,179750441,21258,12318701
7/28/2022,40129160,4672,343,5015,15100,9996072,54,93883,139683,179890124,18774,12337475
7/29/2022,40129160,4601,389,4990,13963,10010035,41,93924,116660,180006784,18039,12355514
7/30/2022,40129160,4525,355,4880,9278,10019313,50,93974,59122,180065906,10900,12366414
7/31/2022,40129160,4539,321,4860,8240,10027553,53,94027,72348,180138254,10615,12377029
8/1/2022,40129160,4654,325,4979,17753,10045306,52,94079,171611,180309865,21742,12398771
8/2/2022,40129160,4605,367,4972,15478,10060784,42,94121,158830,180468695,18813,12417584
8/3/2022,40129160,4551,324,4875,13869,10074653,55,94176,141556,180610251,17252,12434836
8/4/2022,40129160,4435,348,4783,12461,10087114,49,94225,130389,180740640,15770,12450606
8/5/2022,40129160,4368,362,4730,11821,10098935,67,94292,110813,180851453,14895,12465501
8/6/2022,40129160,4218,353,4571,8060,10106995,41,94333,54786,180906239,9309,12474810
8/7/2022,40129160,4166,350,4516,7246,10114241,39,94372,69176,180975415,9116,12483926
8/8/2022,40129160,4228,326,4554,14692,10128933,47,94419,165909,181141324,18693,12502619
8/9/2022,40129160,4100,338,4438,12457,10141390,47,94466,152288,181293612,15623,12518242
8/10/2022,40129160,4030,379,4409,11466,10152856,44,94510,137340,181430952,14911,12533153
8/11/2022,40129160,3988,318,4306,10476,10163332,41,94551,130440,181561392,13419,12546572
8/12/2022,40129160,3941,354,4295,9774,10173106,56,94607,102347,181663739,12339,12558911
8/13/2022,40129160,3762,345,4107,6647,10179753,32,94639,51079,181714818,7853,12566764
8/14/2022,40129160,3774,335,4109,6241,10185994,50,94689,67367,181782185,7914,12574678
8/15/2022,40129160,3811,333,4144,12113,10198107,36,94725,160456,181942641,15379,12590057
8/16/2022,40129160,3779,359,4138,11124,10209231,47,94772,147432,182090073,13504,12603561
8/17/2022,40129160,3719,340,4059,10035,10219266,39,94811,132756,182222829,12515,12616076
8/18/2022,40129160,3587,360,3947,9134,10228400,40,94851,123271,182346100,11467,12627543
8/19/2022,40129160,3554,325,3879,8503,10236903,43,94894,102330,182448430,10675,12638218
8/20/2022,40129160,3395,303,3698,6105,10243008,44,94938,50124,182498554,6949,12645167
8/21/2022,40129160,3405,323,3728,5508,10248516,37,94975,66013,182564567,6952,12652119
8/22/2022,40129160,3505,329,3834,11169,10259685,43,95018,163999,182728566,14224,12666343
8/23/2022,40129160,3481,347,3828,9642,10269327,27,95045,148979,182877545,11880,12678223
8/24/2022,40129160,3146,278,3424,8599,10277926,33,95078,132492,183010037,10819,12689042
8/25/2022,40129160,3137,280,3417,7691,10285617,32,95110,119975,183130012,9754,12698796
8/26/2022,40129160,3213,308,3521,7433,10293050,40,95150,101098,183231110,9343,12708139
8/27/2022,40129160,3010,302,3312,4881,10297931,23,95173,50026,183281136,5891,12714030
8/28/2022,40129160,2944,288,3232,4549,10302480,35,95208,63167,183344303,5812,12719842
8/29/2022,40129160,3103,319,3422,9150,10311630,29,95237,159507,183503810,11668,12731510
8/30/2022,40129160,3095,337,3432,7770,10319400,39,95276,149569,183653379,9870,12741380
8/31/2022,40129160,3047,352,3399,6951,10326351,41,95317,128315,183781694,8940,12750320
9/1/2022,40129160,3004,330,3334,6307,10332658,28,95345,116692,183898386,7769,12758089
9/2/2022,40129160,2957,315,3272,5529,10338187,38,95383,89632,183988018,6944,12765033
9/3/2022,40129160,2856,302,3158,3603,10341790,37,95420,42548,184030566,4315,12769348
9/4/2022,40129160,2803,303,3106,3213,10345003,35,95455,43045,184073611,3904,12773252
9/5/2022,40129160,2875,314,3189,3406,10348409,33,95488,75574,184149185,4224,12777476
9/6/2022,40129160,2983,351,3334,7931,10356340,34,95522,174383,184323568,10196,12787672
9/7/2022,40129160,2958,364,3322,6073,10362413,34,95556,123715,184447283,7580,12795252
9/8/2022,40129160,2865,348,3213,5382,10367795,32,95588,115882,184563165,6489,12801741
9/9/2022,40129160,2875,342,3217,4924,10372719,37,95625,92411,184655576,5848,12807589
9/10/2022,40129160,2694,351,3045,3320,10376039,29,95654,44324,184699900,3810,12811399
9/11/2022,40129160,2679,320,2999,3101,10379140,23,95677,58121,184758021,3764,12815163
9/12/2022,40129160,2768,331,3099,5783,10384923,34,95711,142815,184900836,7306,12822469
9/13/2022,40129160,2689,330,3019,5065,10389988,26,95737,136993,185037829,6134,12828603
9/14/2022,40129160,2580,344,2924,4488,10394476,23,95760,120700,185158529,5631,12834234
9/15/2022,40129160,2512,337,2849,4129,10398605,32,95792,110151,185268680,5188,12839422
9/16/2022,40129160,2548,324,2872,3876,10402481,21,95813,88272,185356952,4758,12844180
9/17/2022,40129160,2348,338,2686,2814,10405295,24,95837,45519,185402471,3148,12847328
9/18/2022,40129160,2319,354,2673,2563,10407858,32,95869,58326,185460797,3148,12850476
9/19/2022,40129160,2313,342,2655,4922,10412780,26,95895,136412,185597209,6120,12856596
9/20/2022,40129160,2184,337,2521,4373,10417153,20,95915,130065,185727274,5432,12862028
9/21/2022,40129160,2115,350,2465,3925,10421078,24,95939,113621,185840895,4937,12866965
9/22/2022,40129160,2133,338,2471,3768,10424846,22,95961,102311,185943206,4591,12871556
9/23/2022,40129160,2085,375,2460,3559,10428405,29,95990,81825,186025031,4444,12876000
9/24/2022,40129160,2031,341,2372,2630,10431035,20,96010,39590,186064621,2860,12878860
9/25/2022,40129160,2064,365,2429,2457,10433492,32,96042,52001,186116622,2969,12881829
9/26/2022,40129160,2048,328,2376,4840,10438332,23,96065,128364,186244986,5822,12887651
9/27/2022,40129160,1999,337,2336,4115,10442447,25,96090,121077,186366063,4954,12892605
9/28/2022,40129160,2001,291,2292,4006,10446453,24,96114,102911,186468974,4897,12897502
9/29/2022,40129160,1930,420,2350,3482,10449935,25,96139,94118,186563092,4398,12901900
9/30/2022,40129160,1903,302,2205,3253,10453188,18,96157,73843,186636935,4013,12905913
10/1/2022,40129160,1803,286,2089,2464,10455652,23,96180,37421,186674356,2639,12908552
10/2/2022,40129160,1889,320,2209,2104,10457756,21,96201,44874,186719230,2586,12911138
10/3/2022,40129160,1894,299,2193,4089,10461845,15,96216,115568,186834798,5037,12916175
10/4/2022,40129160,1896,279,2175,3552,10465397,25,96241,105036,186939834,4295,12920470
10/5/2022,40129160,1870,313,2183,3228,10468625,19,96260,88679,187028513,4028,12924498
10/6/2022,40129160,1823,305,2128,2920,10471545,19,96279,84516,187113029,3632,12928130
10/7/2022,40129160,1755,325,2080,2826,10474371,23,96302,71586,187184615,3570,12931700
10/8/2022,40129160,1693,326,2019,2098,10476469,19,96321,36507,187221122,2397,12934097
10/9/2022,40129160,1735,313,2048,1903,10478372,18,96339,45124,187266246,2266,12936363
10/10/2022,40129160,1765,299,2064,3516,10481888,18,96357,101716,187367962,4011,12940374
10/11/2022,40129160,1759,282,2041,3190,10485078,18,96375,103381,187471343,3833,12944207
10/12/2022,40129160,1733,288,2021,3016,10488094,20,96395,87928,187559271,3731,12947938
10/13/2022,40129160,1700,290,1990,2758,10490852,19,96414,81715,187640986,3412,12951350
10/14/2022,40129160,1669,294,1963,2604,10493456,21,96435,69331,187710317,3228,12954578
10/15/2022,40129160,1649,322,1971,1915,10495371,15,96450,36079,187746396,2186,12956764
10/16/2022,40129160,1649,319,1968,1768,10497139,13,96463,43186,187789582,2004,12958768
10/17/2022,40129160,1615,322,1937,3558,10500697,13,96476,106441,187896023,4300,12963068
10/18/2022,40129160,1601,323,1924,3146,10503843,18,96494,99517,187995540,3660,12966728
10/19/2022,40129160,1617,331,1948,2920,10506763,16,96510,87447,188082987,3553,12970281
10/20/2022,40129160,1599,353,1952,2850,10509613,15,96525,78682,188161669,3362,12973643
10/21/2022,40129160,1579,320,1899,2573,10512186,20,96545,68013,188229682,3039,12976682
10/22/2022,40129160,1555,329,1884,1844,10514030,17,96562,35802,188265484,1965,12978647
10/23/2022,40129160,1558,312,1870,1804,10515834,17,96579,43643,188309127,1996,12980643
10/24/2022,40129160,1514,323,1837,3531,10519365,15,96594,107436,188416563,4206,12984849
10/25/2022,40129160,1537,311,1848,3226,10522591,22,96616,102820,188519383,3797,12988646
10/26/2022,40129160,1674,327,2001,3119,10525710,11,96627,87091,188606474,3736,12992382
10/27/2022,40129160,1599,368,1967,3061,10528771,23,96650,78719,188685193,3549,12995931
10/28/2022,40129160,1569,354,1923,2963,10531734,18,96668,71212,188756405,3492,12999423
10/29/2022,40129160,1532,354,1886,2163,10533897,16,96684,38503,188794908,2361,13001784
10/30/2022,40129160,1626,342,1968,2145,10536042,9,96693,46764,188841672,2351,13004135
10/31/2022,40129160,1592,336,1928,4142,10540184,16,96709,102398,188944070,4820,13008955
11/1/2022,40129160,1634,353,1987,4313,10544497,18,96727,104002,189048072,4613,13013568
11/2/2022,40129160,1700,410,2110,3996,10548493,15,96742,90449,189138521,4532,13018100
11/3/2022,40129160,1730,407,2137,3830,10552323,24,96766,81312,189219833,4428,13022528
11/4/2022,40129160,1704,383,2087,3700,10556023,26,96792,75837,189295670,4232,13026760
11/5/2022,40129160,1671,411,2082,2789,10558812,14,96806,41326,189336996,2838,13029598
11/6/2022,40129160,1719,395,2114,2904,10561716,21,96827,50194,189387190,3183,13032781
11/7/2022,40129160,1756,393,2149,5511,10567227,16,96843,112682,189499872,6308,13039089
11/8/2022,40129160,1855,400,2255,4595,10571822,13,96856,100294,189600166,5257,13044346
11/9/2022,40129160,1842,427,2269,4704,10576526,18,96874,92730,189692896,5458,13049804
11/10/2022,40129160,1871,395,2266,4551,10581077,20,96894,85371,189778267,5254,13055058
11/11/2022,40129160,1886,382,2268,3990,10585067,19,96913,63434,189841701,4496,13059554
11/12/2022,40129160,1942,410,2352,3180,10588247,12,96925,43184,189884885,3510,13063064
11/13/2022,40129160,2032,416,2448,3278,10591525,15,96940,52179,189937064,3733,13066797
11/14/2022,40129160,2035,395,2430,6713,10598238,20,96960,118946,190056010,7612,13074409
11/15/2022,40129160,2094,403,2497,6123,10604361,26,96986,110746,190166756,7097,13081506
11/16/2022,40129160,2187,403,2590,5863,10610224,25,97011,97322,190264078,6704,13088210
11/17/2022,40129160,2278,416,2694,5904,10616128,18,97029,90505,190354583,6828,13095038
11/18/2022,40129160,2327,430,2757,5868,10621996,21,97050,80116,190434699,6713,13101751
11/19/2022,40129160,2337,414,2751,4150,10626146,27,97077,44875,190479574,4339,13106090
11/20/2022,40129160,2494,447,2941,4188,10630334,21,97098,51102,190530676,4559,13110649
11/21/2022,40129160,2598,462,3060,8400,10638734,17,97115,106122,190636798,9640,13120289
11/22/2022,40129160,2676,524,3200,7756,10646490,24,97139,97302,190734100,8883,13129172
11/23/2022,40129160,2782,495,3277,7539,10654029,34,97173,79142,190813242,7957,13137129
11/24/2022,40129160,2883,497,3380,3245,10657274,21,97194,28989,190842231,2643,13139772
11/25/2022,40129160,3014,537,3551,7556,10664830,32,97226,60442,190902673,8078,13147850
11/26/2022,40129160,3147,580,3727,6799,10671629,29,97255,50458,190953131,6623,13154473
11/27/2022,40129160,3290,609,3899,7210,10678839,38,97293,67463,191020594,7680,13162153
11/28/2022,40129160,3532,570,4102,14644,10693483,33,97326,146642,191167236,16596,13178749
11/29/2022,40129160,3737,610,4347,12230,10705713,29,97355,126496,191293732,13645,13192394
11/30/2022,40129160,3793,605,4398,11126,10716839,30,97385,110447,191404179,13000,13205394
12/1/2022,40129160,3942,591,4533,10235,10727074,25,97410,99933,191504112,11286,13216680
12/2/2022,40129160,4039,570,4609,9026,10736100,37,97447,85412,191589524,10384,13227064
12/3/2022,40129160,3889,567,4456,6264,10742364,41,97488,47869,191637393,6805,13233869
12/4/2022,40129160,4035,577,4612,5919,10748283,45,97533,60313,191697706,7069,13240938
12/5/2022,40129160,4208,571,4779,11842,10760125,41,97574,133248,191830954,13817,13254755
12/6/2022,40129160,4321,671,4992,10172,10770297,51,97625,119251,191950205,11975,13266730
12/7/2022,40129160,4387,627,5014,9202,10779499,49,97674,103495,192053700,11030,13277760
12/8/2022,40129160,4371,672,5043,8574,10788073,49,97723,95526,192149226,10062,13287822
12/9/2022,40129160,4290,632,4922,8128,10796201,41,97764,80931,192230157,9470,13297292
12/10/2022,40129160,4171,644,4815,5492,10801693,56,97820,44763,192274920,6008,13303300
12/11/2022,40129160,4267,652,4919,4924,10806617,54,97874,55472,192330392,5745,13309045
12/12/2022,40129160,4471,615,5086,10484,10817101,55,97929,128247,192458639,12441,13321486
12/13/2022,40129160,4555,608,5163,9060,10826161,45,97974,114170,192572809,10628,13332114
12/14/2022,40129160,4508,667,5175,8333,10834494,51,98025,97370,192670179,10025,13342139
12/15/2022,40129160,4428,673,5101,7681,10842175,33,98058,93037,192763216,8986,13351125
12/16/2022,40129160,4413,594,5007,7052,10849227,45,98103,77283,192840499,8076,13359201
12/17/2022,40129160,4310,575,4885,5032,10854259,48,98151,42082,192882581,5431,13364632
12/18/2022,40129160,4388,592,4980,4578,10858837,56,98207,48296,192930877,5173,13369805
12/19/2022,40129160,4520,583,5103,9499,10868336,53,98260,110803,193041680,11285,13381090
12/20/2022,40129160,4544,614,5158,8767,10877103,60,98320,95482,193137162,9972,13391062
12/21/2022,40129160,4520,599,5119,8142,10885245,64,98384,81614,193218776,9408,13400470
12/22/2022,40129160,4392,549,4941,7769,10893014,46,98430,77832,193296608,8987,13409457
12/23/2022,40129160,4467,571,5038,6922,10899936,68,98498,59933,193356541,7917,13417374
12/24/2022,40129160,4275,551,4826,4098,10904034,54,98552,28814,193385355,4066,13421440
12/25/2022,40129160,4175,550,4725,2857,10906891,65,98617,25574,193410929,2516,13423956
12/26/2022,40129160,4416,554,4970,7362,10914253,56,98673,65631,193476560,8549,13432505
12/27/2022,40129160,4432,565,4997,9921,10924174,63,98736,98025,193574585,11344,13443849
12/28/2022,40129160,4561,613,5174,8833,10933007,54,98790,80555,193655140,10264,13454113
12/29/2022,40129160,4619,612,5231,7751,10940758,53,98843,74236,193729376,9055,13463168
12/30/2022,40129160,4616,570,5186,6805,10947563,67,98910,62440,193791816,8090,13471258
12/31/2022,40129160,4467,571,5038,3864,10951427,43,98953,31661,193823477,4212,13475470
1/1/2023,40129160,4512,552,5064,2787,10954214,52,99005,28130,193851607,2553,13478023
1/2/2023,40129160,4605,576,5181,5666,10959880,55,99060,72841,193924448,7189,13485212
1/3/2023,40129160,4648,618,5266,7469,10967349,58,99118,107355,194031803,8945,13494157
1/4/2023,40129160,4547,582,5129,5859,10973208,67,99185,86386,194118189,7016,13501173
1/5/2023,40129160,4455,593,5048,4987,10978195,50,99235,76391,194194580,5912,13507085
1/6/2023,40129160,4365,622,4987,4968,10983163,67,99302,73332,194267912,5984,13513069
1/7/2023,40129160,3933,625,4558,3218,10986381,47,99349,43130,194311042,3870,13516939
1/8/2023,40129160,4155,593,4748,2725,10989106,38,99387,46123,194357165,3371,13520310
1/9/2023,40129160,4159,634,4793,4827,10993933,52,99439,100819,194457984,5887,13526197
1/10/2023,40129160,4081,563,4644,3811,10997744,59,99498,88805,194546789,4747,13530944
1/11/2023,40129160,4025,519,4544,3757,11001501,38,99536,83300,194630089,4672,13535616
1/12/2023,40129160,3794,527,4321,3283,11004784,51,99587,73038,194703127,4135,13539751
1/13/2023,40129160,3723,502,4225,3056,11007840,52,99639,61287,194764414,3545,13543296
1/14/2023,40129160,3534,484,4018,1975,11009815,54,99693,31735,194796149,2283,13545579
1/15/2023,40129160,3500,454,3954,1875,11011690,44,99737,33866,194830015,2099,13547678
1/16/2023,40129160,3500,496,3996,2731,11014421,45,99782,69996,194900011,3400,13551078
1/17/2023,40129160,3478,497,3975,3537,11017958,41,99823,98055,194998066,4070,13555148
1/18/2023,40129160,3372,467,3839,3033,11020991,36,99859,81095,195079161,3622,13558770
1/19/2023,40129160,3168,499,3667,2758,11023749,31,99890,73485,195152646,3311,13562081
1/20/2023,40129160,3117,501,3618,2580,11026329,33,99923,60998,195213644,2998,13565079
1/21/2023,40129160,2863,489,3352,1809,11028138,27,99950,32236,195245880,2032,13567111
1/22/2023,40129160,2840,493,3333,1751,11029889,29,99979,38425,195284305,2032,13569143
1/23/2023,40129160,2769,515,3284,3248,11033137,35,100014,90982,195375287,3864,13573007
1/24/2023,40129160,2736,472,3208,3206,11036343,45,100059,86220,195461507,3610,13576617
1/25/2023,40129160,2695,483,3178,3075,11039418,34,100093,75126,195536633,3459,13580076
1/26/2023,40129160,2694,486,3180,2786,11042204,44,100137,68646,195605279,3183,13583259
1/27/2023,40129160,2600,481,3081,2867,11045071,23,100160,56171,195661450,3201,13586460
1/28/2023,40129160,2459,459,2918,1993,11047064,33,100193,32325,195693775,2177,13588637
1/29/2023,40129160,2559,460,3019,1908,11048972,32,100225,37193,195730968,2145,13590782
1/30/2023,40129160,2480,473,2953,3718,11052690,17,100242,87897,195818865,4371,13595153
1/31/2023,40129160,2562,480,3042,3470,11056160,27,100269,81599,195900464,3938,13599091
2/1/2023,40129160,2484,478,2962,3396,11059556,31,100300,72264,195972728,3757,13602848
2/2/2023,40129160,2476,500,2976,3203,11062759,28,100328,68086,196040814,3566,13606414
2/3/2023,40129160,2404,494,2898,3001,11065760,22,100350,57481,196098295,3334,13609748
2/4/2023,40129160,2385,474,2859,2245,11068005,27,100377,32981,196131276,2365,13612113
2/5/2023,40129160,2516,517,3033,2191,11070196,27,100404,37172,196168448,2399,13614512
2/6/2023,40129160,2511,513,3024,4302,11074498,28,100432,84586,196253034,4958,13619470
2/7/2023,40129160,2578,508,3086,3575,11078073,25,100457,75638,196328672,4214,13623684
2/8/2023,40129160,2477,497,2974,3514,11081587,21,100478,68020,196396692,4003,13627687
2/9/2023,40129160,2485,488,2973,3248,11084835,26,100504,66174,196462866,3769,13631456
2/10/2023,40129160,2480,518,2998,3174,11088009,28,100532,58053,196520919,3620,13635076
2/11/2023,40129160,2448,503,2951,2222,11090231,28,100560,30962,196551881,2349,13637425
2/12/2023,40129160,2462,489,2951,2082,11092313,22,100582,34214,196586095,2333,13639758
2/13/2023,40129160,2510,470,2980,3886,11096199,22,100604,81192,196667287,4586,13644344
2/14/2023,40129160,2529,489,3018,3371,11099570,23,100627,72586,196739873,3787,13648131
2/15/2023,40129160,2541,466,3007,3333,11102903,30,100657,68391,196808264,3958,13652089
2/16/2023,40129160,2525,491,3016,3152,11106055,19,100676,64454,196872718,3659,13655748
2/17/2023,40129160,2509,476,2985,2944,11108999,29,100705,52666,196925384,3329,13659077
2/18/2023,40129160,2317,478,2795,2059,11111058,33,100738,30272,196955656,2243,13661320
2/19/2023,40129160,2406,487,2893,2077,11113135,34,100772,31102,196986758,2334,13663654
2/20/2023,40129160,2451,483,2934,3078,11116213,25,100797,60797,197047555,3530,13667184
2/21/2023,40129160,2573,476,3049,4004,11120217,27,100824,81533,197129088,4768,13671952
2/22/2023,40129160,2607,521,3128,3329,11123546,29,100853,67747,197196835,3923,13675875
2/23/2023,40129160,2583,525,3108,3152,11126698,23,100876,64785,197261620,3679,13679554
2/24/2023,40129160,2516,510,3026,2686,11129384,31,100907,53108,197314728,3044,13682598
2/25/2023,40129160,2483,501,2984,1833,11131217,21,100928,29287,197344015,2082,13684680
2/26/2023,40129160,2548,464,3012,1852,11133069,26,100954,33687,197377702,2133,13686813
2/27/2023,40129160,2530,469,2999,3326,11136395,30,100984,74431,197452133,3952,13690765
2/28/2023,40129160,2517,458,2975,3129,11139524,31,101015,68480,197520613,3686,13694451
3/1/2023,40129160,2506,461,2967,2828,11142352,26,101041,61546,197582159,3273,13697724
